% Column 0: Length, mm
% Column 1: |E|, V/m
0.00000000e+000	2.49857586e-004	
6.67111408e-004	2.52724174e-004	
1.33422282e-003	2.55632850e-004	
2.00133422e-003	2.58606902e-004	
2.66844563e-003	2.61644101e-004	
3.33555704e-003	2.64742274e-004	
4.00266845e-003	2.67899306e-004	
4.66977985e-003	2.71113139e-004	
5.33689126e-003	2.74381779e-004	
6.00400267e-003	2.77703290e-004	
6.67111408e-003	2.81075797e-004	
7.33822548e-003	2.84497487e-004	
8.00533689e-003	2.87966607e-004	
8.67244830e-003	2.91481463e-004	
9.33955971e-003	2.93555885e-004	
1.00066711e-002	2.87679559e-004	
1.06737825e-002	2.82115175e-004	
1.13408939e-002	2.76881542e-004	
1.20080053e-002	2.71997753e-004	
1.26751167e-002	2.67482971e-004	
1.33422282e-002	2.63356174e-004	
1.40093396e-002	2.59635863e-004	
1.46764510e-002	2.56378129e-004	
1.53435624e-002	2.53387219e-004	
1.60106738e-002	2.50397283e-004	
1.66777852e-002	2.47408355e-004	
1.73448966e-002	2.44420472e-004	
1.80120080e-002	2.41433674e-004	
1.86791194e-002	2.38448001e-004	
1.93462308e-002	2.35463495e-004	
2.00133422e-002	2.32480203e-004	
2.06804536e-002	2.29498170e-004	
2.13475650e-002	2.26517447e-004	
2.20146765e-002	2.23538086e-004	
2.26817879e-002	2.20560143e-004	
2.33488993e-002	2.17583675e-004	
2.40160107e-002	2.14591222e-004	
2.46831221e-002	2.10595976e-004	
2.53502335e-002	2.06613119e-004	
2.60173449e-002	2.02643382e-004	
2.66844563e-002	1.98687550e-004	
2.73515677e-002	1.94746472e-004	
2.80186791e-002	1.90821061e-004	
2.86857905e-002	1.86912305e-004	
2.93529019e-002	1.83021271e-004	
3.00200133e-002	1.79149113e-004	
3.06871247e-002	1.75297082e-004	
3.13542362e-002	1.71466535e-004	
3.20213476e-002	1.67658944e-004	
3.26884590e-002	1.63875909e-004	
3.33555704e-002	1.60119172e-004	
3.40226818e-002	1.56390626e-004	
3.46897932e-002	1.52692338e-004	
3.53569046e-002	1.49026560e-004	
3.60240160e-002	1.45395751e-004	
3.66911274e-002	1.41802597e-004	
3.73582388e-002	1.38250034e-004	
3.80253502e-002	1.34741273e-004	
3.86924616e-002	1.31279826e-004	
3.93595730e-002	1.27869535e-004	
4.00266845e-002	1.24514604e-004	
4.06937959e-002	1.21219629e-004	
4.13609073e-002	1.18813021e-004	
4.20280187e-002	1.17400758e-004	
4.26951301e-002	1.16024461e-004	
4.33622415e-002	1.14685423e-004	
4.40293529e-002	1.13384965e-004	
4.46964643e-002	1.12124429e-004	
4.53635757e-002	1.10905177e-004	
4.60306871e-002	1.09728584e-004	
4.66977985e-002	1.08596037e-004	
4.73649099e-002	1.07508928e-004	
4.80320213e-002	1.06468649e-004	
4.86991328e-002	1.05476586e-004	
4.93662442e-002	1.04534111e-004	
5.00333556e-002	1.03642577e-004	
5.07004670e-002	1.02810788e-004	
5.13675784e-002	1.02343191e-004	
5.20346898e-002	1.01913812e-004	
5.27018012e-002	1.01523137e-004	
5.33689126e-002	1.01171613e-004	
5.40360240e-002	1.00859651e-004	
5.47031354e-002	1.00587617e-004	
5.53702468e-002	1.00355837e-004	
5.60373582e-002	1.00164591e-004	
5.67044696e-002	1.00014110e-004	
5.73715811e-002	9.99045792e-005	
5.80386925e-002	9.98361332e-005	
5.87058039e-002	9.98088565e-005	
5.93729153e-002	9.98227827e-005	
6.00400267e-002	9.98778948e-005	
6.07071381e-002	9.99741245e-005	
6.13742495e-002	1.00111353e-004	
6.20413609e-002	1.00289413e-004	
6.27084723e-002	1.00508086e-004	
6.33755837e-002	1.00767109e-004	
6.40426951e-002	1.01066171e-004	
6.47098065e-002	1.01404918e-004	
6.53769179e-002	1.01782954e-004	
6.60440294e-002	1.02199842e-004	
6.67111408e-002	1.02655110e-004	
6.73782522e-002	1.03148249e-004	
6.80453636e-002	1.03678718e-004	
6.87124750e-002	1.04245949e-004	
6.93795864e-002	1.04849343e-004	
7.00466978e-002	1.05488282e-004	
7.07138092e-002	1.06162122e-004	
7.13809206e-002	1.06870204e-004	
7.20480320e-002	1.07611852e-004	
7.27151434e-002	1.08386377e-004	
7.33822548e-002	1.08812126e-004	
7.40493662e-002	1.07633828e-004	
7.47164777e-002	1.06460011e-004	
7.53835891e-002	1.05290825e-004	
7.60507005e-002	1.04126426e-004	
7.67178119e-002	1.02966977e-004	
7.73849233e-002	1.01812647e-004	
7.80520347e-002	1.00663611e-004	
7.87191461e-002	9.95200540e-005	
7.93862575e-002	9.83821657e-005	
8.00533689e-002	9.72501456e-005	
8.07204803e-002	9.61242010e-005	
8.13875917e-002	9.50045480e-005	
8.20547031e-002	9.38914115e-005	
8.27218145e-002	9.27850262e-005	
8.33889260e-002	9.16856364e-005	
8.40560374e-002	9.05934968e-005	
8.47231488e-002	8.95088728e-005	
8.53902602e-002	8.84320409e-005	
8.60573716e-002	8.73632894e-005	
8.67244830e-002	8.63029183e-005	
8.73915944e-002	8.52512404e-005	
8.80587058e-002	8.42085813e-005	
8.87258172e-002	8.32372597e-005	
8.93929286e-002	8.22837087e-005	
9.00600400e-002	8.13301956e-005	
9.07271514e-002	8.03767218e-005	
9.13942628e-002	7.94232885e-005	
9.20613742e-002	7.84698974e-005	
9.27284857e-002	7.75165500e-005	
9.33955971e-002	7.65632478e-005	
9.40627085e-002	7.56099926e-005	
9.47298199e-002	7.46567863e-005	
9.53969313e-002	7.37036306e-005	
9.60640427e-002	7.27505277e-005	
9.67311541e-002	7.17974795e-005	
9.73982655e-002	7.08444884e-005	
9.80653769e-002	6.98915566e-005	
9.87324883e-002	6.89386866e-005	
9.93995997e-002	6.79858809e-005	
1.00066711e-001	6.70331425e-005	
1.00733823e-001	6.60804740e-005	
1.01400934e-001	6.51278787e-005	
1.02068045e-001	6.41753598e-005	
1.02735157e-001	6.32229207e-005	
1.03402268e-001	6.22705651e-005	
1.04069380e-001	6.13182969e-005	
1.04736491e-001	6.03661202e-005	
1.05403602e-001	5.94140394e-005	
1.06070714e-001	5.84620592e-005	
1.06737825e-001	5.75101846e-005	
1.07404937e-001	5.65584210e-005	
1.08072048e-001	5.56067739e-005	
1.08739159e-001	5.46552496e-005	
1.09406271e-001	5.37038546e-005	
1.10073382e-001	5.27525957e-005	
1.10740494e-001	5.18014806e-005	
1.11407605e-001	5.08505174e-005	
1.12074716e-001	4.98997146e-005	
1.12741828e-001	4.89490816e-005	
1.13408939e-001	4.79986286e-005	
1.14076051e-001	4.72267719e-005	
1.14743162e-001	4.69770867e-005	
1.15410274e-001	4.67276223e-005	
1.16077385e-001	4.64783822e-005	
1.16744496e-001	4.62293700e-005	
1.17411608e-001	4.59805893e-005	
1.18078719e-001	4.57320440e-005	
1.18745831e-001	4.54837380e-005	
1.19412942e-001	4.52356751e-005	
1.20080053e-001	4.49878594e-005	
1.20747165e-001	4.47402950e-005	
1.21414276e-001	4.44929862e-005	
1.22081388e-001	4.42459371e-005	
1.22748499e-001	4.39991521e-005	
1.23415610e-001	4.37526358e-005	
1.24082722e-001	4.35063927e-005	
1.24749833e-001	4.32604274e-005	
1.25416945e-001	4.30147447e-005	
1.26084056e-001	4.27693496e-005	
1.26751167e-001	4.25242469e-005	
1.27418279e-001	4.22794418e-005	
1.28085390e-001	4.20349394e-005	
1.28752502e-001	4.17907451e-005	
1.29419613e-001	4.15468643e-005	
1.30086724e-001	4.13033026e-005	
1.30753836e-001	4.10600656e-005	
1.31420947e-001	4.08171591e-005	
1.32088059e-001	4.05745892e-005	
1.32755170e-001	4.03323617e-005	
1.33422282e-001	4.00904830e-005	
1.34089393e-001	3.98489595e-005	
1.34756504e-001	3.96077975e-005	
1.35423616e-001	3.93670038e-005	
1.36090727e-001	3.91265851e-005	
1.36757839e-001	3.88865484e-005	
1.37424950e-001	3.86469009e-005	
1.38092061e-001	3.84076498e-005	
1.38759173e-001	3.81688025e-005	
1.39426284e-001	3.79303667e-005	
1.40093396e-001	3.76923502e-005	
1.40760507e-001	3.74547610e-005	
1.41427618e-001	3.72176073e-005	
1.42094730e-001	3.69808974e-005	
1.42761841e-001	3.67446400e-005	
1.43428953e-001	3.65088437e-005	
1.44096064e-001	3.62735177e-005	
1.44763175e-001	3.60386711e-005	
1.45430287e-001	3.58043134e-005	
1.46097398e-001	3.55704541e-005	
1.46764510e-001	3.53371033e-005	
1.47431621e-001	3.51042711e-005	
1.48098732e-001	3.48719677e-005	
1.48765844e-001	3.46402040e-005	
1.49432955e-001	3.44089907e-005	
1.50100067e-001	3.41783391e-005	
1.50767178e-001	3.39482607e-005	
1.51434290e-001	3.37187670e-005	
1.52101401e-001	3.34898702e-005	
1.52768512e-001	3.32615826e-005	
1.53435624e-001	3.30339168e-005	
1.54102735e-001	3.28068857e-005	
1.54769847e-001	3.25805027e-005	
1.55436958e-001	3.23547813e-005	
1.56104069e-001	3.21297354e-005	
1.56771181e-001	3.19053795e-005	
1.57438292e-001	3.16817280e-005	
1.58105404e-001	3.14587962e-005	
1.58772515e-001	3.12365992e-005	
1.59439626e-001	3.10151530e-005	
1.60106738e-001	3.07944738e-005	
1.60773849e-001	3.05745781e-005	
1.61440961e-001	3.03554830e-005	
1.62108072e-001	3.01372060e-005	
1.62775183e-001	2.99197649e-005	
1.63442295e-001	2.97031781e-005	
1.64109406e-001	2.94874644e-005	
1.64776518e-001	2.92726432e-005	
1.65443629e-001	2.90587342e-005	
1.66110740e-001	2.88457577e-005	
1.66777852e-001	2.86337346e-005	
1.67444963e-001	2.84226861e-005	
1.68112075e-001	2.82126341e-005	
1.68779186e-001	2.80036011e-005	
1.69446298e-001	2.77956101e-005	
1.70113409e-001	2.75886845e-005	
1.70780520e-001	2.73828487e-005	
1.71447632e-001	2.71781273e-005	
1.72114743e-001	2.69745456e-005	
1.72781855e-001	2.67721298e-005	
1.73448966e-001	2.65709064e-005	
1.74116077e-001	2.63709028e-005	
1.74783189e-001	2.61721469e-005	
1.75450300e-001	2.59746673e-005	
1.76117412e-001	2.57784934e-005	
1.76784523e-001	2.57141551e-005	
1.77451634e-001	2.58358004e-005	
1.78118746e-001	2.59576226e-005	
1.78785857e-001	2.60796193e-005	
1.79452969e-001	2.62017879e-005	
1.80120080e-001	2.63241262e-005	
1.80787191e-001	2.64466317e-005	
1.81454303e-001	2.65693021e-005	
1.82121414e-001	2.66921352e-005	
1.82788526e-001	2.68151287e-005	
1.83455637e-001	2.69382804e-005	
1.84122748e-001	2.70615882e-005	
1.84789860e-001	2.71850499e-005	
1.85456971e-001	2.73086635e-005	
1.86124083e-001	2.74324269e-005	
1.86791194e-001	2.75563381e-005	
1.87458306e-001	2.76803950e-005	
1.88125417e-001	2.78045959e-005	
1.88792528e-001	2.79289386e-005	
1.89459640e-001	2.80534214e-005	
1.90126751e-001	2.81780424e-005	
1.90793863e-001	2.83027997e-005	
1.91460974e-001	2.84276916e-005	
1.92128085e-001	2.85527163e-005	
1.92795197e-001	2.86778720e-005	
1.93462308e-001	2.88031571e-005	
1.94129420e-001	2.89285699e-005	
1.94796531e-001	2.90541087e-005	
1.95463642e-001	2.91797719e-005	
1.96130754e-001	2.93055579e-005	
1.96797865e-001	2.94314651e-005	
1.97464977e-001	2.95574920e-005	
1.98132088e-001	2.96836370e-005	
1.98799199e-001	2.98098986e-005	
1.99466311e-001	2.99362755e-005	
2.00133422e-001	3.00627660e-005	
2.00800534e-001	3.01893688e-005	
2.01467645e-001	3.03160825e-005	
2.02134757e-001	3.04429057e-005	
2.02801868e-001	3.05698371e-005	
2.03468979e-001	3.06968752e-005	
2.04136091e-001	3.08240188e-005	
2.04803202e-001	3.09512666e-005	
2.05470314e-001	3.10786172e-005	
2.06137425e-001	3.12060695e-005	
2.06804536e-001	3.13336222e-005	
2.07471648e-001	3.14612741e-005	
2.08138759e-001	3.15890239e-005	
2.08805871e-001	3.17168705e-005	
2.09472982e-001	3.18448127e-005	
2.10140093e-001	3.19728494e-005	
2.10807205e-001	3.21009795e-005	
2.11474316e-001	3.22292017e-005	
2.12141428e-001	3.23575151e-005	
2.12808539e-001	3.24859186e-005	
2.13475650e-001	3.26144110e-005	
2.14142762e-001	3.27429914e-005	
2.14809873e-001	3.28716587e-005	
2.15476985e-001	3.30004119e-005	
2.16144096e-001	3.31292499e-005	
2.16811207e-001	3.32581719e-005	
2.17478319e-001	3.33871768e-005	
2.18145430e-001	3.35162637e-005	
2.18812542e-001	3.36454316e-005	
2.19479653e-001	3.37746796e-005	
2.20146765e-001	3.39040068e-005	
2.20813876e-001	3.40334122e-005	
2.21480987e-001	3.41628951e-005	
2.22148099e-001	3.42924545e-005	
2.22815210e-001	3.44220895e-005	
2.23482322e-001	3.45517994e-005	
2.24149433e-001	3.46815832e-005	
2.24816544e-001	3.48114401e-005	
2.25483656e-001	3.49066221e-005	
2.26150767e-001	3.49361210e-005	
2.26817879e-001	3.49656716e-005	
2.27484990e-001	3.49952737e-005	
2.28152101e-001	3.50249271e-005	
2.28819213e-001	3.50546319e-005	
2.29486324e-001	3.50843877e-005	
2.30153436e-001	3.51141946e-005	
2.30820547e-001	3.51440523e-005	
2.31487658e-001	3.51739607e-005	
2.32154770e-001	3.52039198e-005	
2.32821881e-001	3.52339293e-005	
2.33488993e-001	3.52639891e-005	
2.34156104e-001	3.52940992e-005	
2.34823215e-001	3.53242594e-005	
2.35490327e-001	3.53544695e-005	
2.36157438e-001	3.53847295e-005	
2.36824550e-001	3.54150392e-005	
2.37491661e-001	3.54453984e-005	
2.38158773e-001	3.54758071e-005	
2.38825884e-001	3.55062651e-005	
2.39492995e-001	3.55367724e-005	
2.40160107e-001	3.55673287e-005	
2.40827218e-001	3.55979339e-005	
2.41494330e-001	3.56285879e-005	
2.42161441e-001	3.56592907e-005	
2.42828552e-001	3.56900420e-005	
2.43495664e-001	3.57208418e-005	
2.44162775e-001	3.57516898e-005	
2.44829887e-001	3.57825861e-005	
2.45496998e-001	3.58135304e-005	
2.46164109e-001	3.58445227e-005	
2.46831221e-001	3.58755627e-005	
2.47498332e-001	3.59066505e-005	
2.48165444e-001	3.59377859e-005	
2.48832555e-001	3.59689687e-005	
2.49499666e-001	3.60001988e-005	
2.50166778e-001	3.60314761e-005	
2.50833889e-001	3.60628005e-005	
2.51501001e-001	3.60941718e-005	
2.52168112e-001	3.61255900e-005	
2.52835223e-001	3.61570549e-005	
2.53502335e-001	3.61885663e-005	
2.54169446e-001	3.62201243e-005	
2.54836558e-001	3.62517286e-005	
2.55503669e-001	3.62833791e-005	
2.56170781e-001	3.63150757e-005	
2.56837892e-001	3.63468183e-005	
2.57505003e-001	3.63786067e-005	
2.58172115e-001	3.64104409e-005	
2.58839226e-001	3.64011684e-005	
2.59506338e-001	3.62489938e-005	
2.60173449e-001	3.60973305e-005	
2.60840560e-001	3.59461850e-005	
2.61507672e-001	3.57955639e-005	
2.62174783e-001	3.56454738e-005	
2.62841895e-001	3.54959215e-005	
2.63509006e-001	3.53469138e-005	
2.64176117e-001	3.51984577e-005	
2.64843229e-001	3.50505600e-005	
2.65510340e-001	3.49032279e-005	
2.66177452e-001	3.47564687e-005	
2.66844563e-001	3.46102896e-005	
2.67511674e-001	3.44646979e-005	
2.68178786e-001	3.43197012e-005	
2.68845897e-001	3.41753070e-005	
2.69513009e-001	3.40315231e-005	
2.70180120e-001	3.38883571e-005	
2.70847231e-001	3.37458169e-005	
2.71514343e-001	3.36039105e-005	
2.72181454e-001	3.34626460e-005	
2.72848566e-001	3.33220315e-005	
2.73515677e-001	3.31820753e-005	
2.74182789e-001	3.30427857e-005	
2.74849900e-001	3.29041713e-005	
2.75517011e-001	3.27662405e-005	
2.76184123e-001	3.26290021e-005	
2.76851234e-001	3.24924648e-005	
2.77518346e-001	3.23566375e-005	
2.78185457e-001	3.22215292e-005	
2.78852568e-001	3.20871490e-005	
2.79519680e-001	3.19535060e-005	
2.80186791e-001	3.18206096e-005	
2.80853903e-001	3.16884690e-005	
2.81521014e-001	3.15570940e-005	
2.82188125e-001	3.14264939e-005	
2.82855237e-001	3.12966786e-005	
2.83522348e-001	3.11676578e-005	
2.84189460e-001	3.10394414e-005	
2.84856571e-001	3.09120395e-005	
2.85523682e-001	3.07854622e-005	
2.86190794e-001	3.06597196e-005	
2.86857905e-001	3.05348222e-005	
2.87525017e-001	3.04107802e-005	
2.88192128e-001	3.02876042e-005	
2.88859239e-001	3.01653049e-005	
2.89526351e-001	3.00438929e-005	
2.90193462e-001	2.99233790e-005	
2.90860574e-001	2.98037742e-005	
2.91527685e-001	2.96850893e-005	
2.92194797e-001	2.95673355e-005	
2.92861908e-001	2.94505240e-005	
2.93529019e-001	2.93346661e-005	
2.94196131e-001	2.92197729e-005	
2.94863242e-001	2.91058561e-005	
2.95530354e-001	2.89929270e-005	
2.96197465e-001	2.88809974e-005	
2.96864576e-001	2.87700787e-005	
2.97531688e-001	2.86601829e-005	
2.98198799e-001	2.85513216e-005	
2.98865911e-001	2.84435068e-005	
2.99533022e-001	2.83367504e-005	
3.00200133e-001	2.82310644e-005	
3.00867245e-001	2.81264610e-005	
3.01534356e-001	2.80229521e-005	
3.02201468e-001	2.79205500e-005	
3.02868579e-001	2.78192670e-005	
3.03535690e-001	2.77191152e-005	
3.04202802e-001	2.76201069e-005	
3.04869913e-001	2.75222546e-005	
3.05537025e-001	2.74255706e-005	
3.06204136e-001	2.73300673e-005	
3.06871247e-001	2.72357571e-005	
3.07538359e-001	2.71426524e-005	
3.08205470e-001	2.70507658e-005	
3.08872582e-001	2.69601096e-005	
3.09539693e-001	2.68706963e-005	
3.10206805e-001	2.67825383e-005	
3.10873916e-001	2.66956482e-005	
3.11541027e-001	2.66100382e-005	
3.12208139e-001	2.65257209e-005	
3.12875250e-001	2.64427085e-005	
3.13542362e-001	2.63610134e-005	
3.14209473e-001	2.62806479e-005	
3.14876584e-001	2.62016242e-005	
3.15543696e-001	2.61239545e-005	
3.16210807e-001	2.60476509e-005	
3.16877919e-001	2.59727255e-005	
3.17545030e-001	2.58991902e-005	
3.18212141e-001	2.58270568e-005	
3.18879253e-001	2.57563372e-005	
3.19546364e-001	2.56870431e-005	
3.20213476e-001	2.56191859e-005	
3.20880587e-001	2.55527772e-005	
3.21547698e-001	2.54878283e-005	
3.22214810e-001	2.54243503e-005	
3.22881921e-001	2.54288079e-005	
3.23549033e-001	2.55639004e-005	
3.24216144e-001	2.56992456e-005	
3.24883256e-001	2.58348395e-005	
3.25550367e-001	2.59706781e-005	
3.26217478e-001	2.61067578e-005	
3.26884590e-001	2.62430747e-005	
3.27551701e-001	2.63796251e-005	
3.28218813e-001	2.65164055e-005	
3.28885924e-001	2.66534124e-005	
3.29553035e-001	2.67906421e-005	
3.30220147e-001	2.69280914e-005	
3.30887258e-001	2.70657568e-005	
3.31554370e-001	2.72036352e-005	
3.32221481e-001	2.73417232e-005	
3.32888592e-001	2.74800178e-005	
3.33555704e-001	2.76185158e-005	
3.34222815e-001	2.77572141e-005	
3.34889927e-001	2.78961098e-005	
3.35557038e-001	2.80352000e-005	
3.36224149e-001	2.81744818e-005	
3.36891261e-001	2.83139523e-005	
3.37558372e-001	2.84536087e-005	
3.38225484e-001	2.85934484e-005	
3.38892595e-001	2.87334687e-005	
3.39559706e-001	2.88736669e-005	
3.40226818e-001	2.90140404e-005	
3.40893929e-001	2.91545868e-005	
3.41561041e-001	2.92953036e-005	
3.42228152e-001	2.94361882e-005	
3.42895264e-001	2.95772383e-005	
3.43562375e-001	2.97184516e-005	
3.44229486e-001	2.98598257e-005	
3.44896598e-001	3.00013583e-005	
3.45563709e-001	3.01430473e-005	
3.46230821e-001	3.02848904e-005	
3.46897932e-001	3.04268854e-005	
3.47565043e-001	3.05690303e-005	
3.48232155e-001	3.07113230e-005	
3.48899266e-001	3.08537614e-005	
3.49566378e-001	3.09963436e-005	
3.50233489e-001	3.11390674e-005	
3.50900600e-001	3.12819311e-005	
3.51567712e-001	3.14249327e-005	
3.52234823e-001	3.15680703e-005	
3.52901935e-001	3.17113421e-005	
3.53569046e-001	3.18547462e-005	
3.54236157e-001	3.19982810e-005	
3.54903269e-001	3.21419445e-005	
3.55570380e-001	3.22857352e-005	
3.56237492e-001	3.24296514e-005	
3.56904603e-001	3.25736913e-005	
3.57571714e-001	3.27178533e-005	
3.58238826e-001	3.28621359e-005	
3.58905937e-001	3.30065374e-005	
3.59573049e-001	3.31510563e-005	
3.60240160e-001	3.32956910e-005	
3.60907272e-001	3.34404401e-005	
3.61574383e-001	3.35853021e-005	
3.62241494e-001	3.37302756e-005	
3.62908606e-001	3.38753590e-005	
3.63575717e-001	3.40205510e-005	
3.64242829e-001	3.41658502e-005	
3.64909940e-001	3.43112553e-005	
3.65577051e-001	3.44567648e-005	
3.66244163e-001	3.46023776e-005	
3.66911274e-001	3.47480922e-005	
3.67578386e-001	3.48939074e-005	
3.68245497e-001	3.50398220e-005	
3.68912608e-001	3.51858347e-005	
3.69579720e-001	3.53319443e-005	
3.70246831e-001	3.54781496e-005	
3.70913943e-001	3.56244495e-005	
3.71581054e-001	3.57708427e-005	
3.72248165e-001	3.59173281e-005	
3.72915277e-001	3.60639047e-005	
3.73582388e-001	3.62105712e-005	
3.74249500e-001	3.63573266e-005	
3.74916611e-001	3.65041699e-005	
3.75583722e-001	3.66510999e-005	
3.76250834e-001	3.67981157e-005	
3.76917945e-001	3.69452162e-005	
3.77585057e-001	3.70924004e-005	
3.78252168e-001	3.72396673e-005	
3.78919280e-001	3.73870160e-005	
3.79586391e-001	3.75344454e-005	
3.80253502e-001	3.76819546e-005	
3.80920614e-001	3.78295428e-005	
3.81587725e-001	3.79772089e-005	
3.82254837e-001	3.81249521e-005	
3.82921948e-001	3.82727714e-005	
3.83589059e-001	3.84206661e-005	
3.84256171e-001	3.85686352e-005	
3.84923282e-001	3.87166778e-005	
3.85590394e-001	3.88647932e-005	
3.86257505e-001	3.90129805e-005	
3.86924616e-001	3.91612389e-005	
3.87591728e-001	3.93095675e-005	
3.88258839e-001	3.94579657e-005	
3.88925951e-001	3.96064326e-005	
3.89593062e-001	3.97549674e-005	
3.90260173e-001	3.99035694e-005	
3.90927285e-001	4.00522378e-005	
3.91594396e-001	4.02009719e-005	
3.92261508e-001	4.03497710e-005	
3.92928619e-001	4.04986344e-005	
3.93595730e-001	4.06475613e-005	
3.94262842e-001	4.07965511e-005	
3.94929953e-001	4.09456030e-005	
3.95597065e-001	4.10947164e-005	
3.96264176e-001	4.12438907e-005	
3.96931288e-001	4.13931251e-005	
3.97598399e-001	4.15424190e-005	
3.98265510e-001	4.16917718e-005	
3.98932622e-001	4.18411828e-005	
3.99599733e-001	4.19906515e-005	
4.00266845e-001	5.00000001e+003	
4.00933956e-001	5.00000001e+003	
4.01601067e-001	5.00000001e+003	
4.02268179e-001	5.00000001e+003	
4.02935290e-001	5.00000001e+003	
4.03602402e-001	5.00000001e+003	
4.04269513e-001	5.00000001e+003	
4.04936624e-001	5.00000001e+003	
4.05603736e-001	5.00000001e+003	
4.06270847e-001	5.00000001e+003	
4.06937959e-001	5.00000001e+003	
4.07605070e-001	5.00000001e+003	
4.08272181e-001	5.00000001e+003	
4.08939293e-001	5.00000001e+003	
4.09606404e-001	5.00000001e+003	
4.10273516e-001	5.00000001e+003	
4.10940627e-001	5.00000001e+003	
4.11607738e-001	5.00000001e+003	
4.12274850e-001	5.00000001e+003	
4.12941961e-001	5.00000001e+003	
4.13609073e-001	5.00000001e+003	
4.14276184e-001	5.00000001e+003	
4.14943296e-001	5.00000001e+003	
4.15610407e-001	5.00000001e+003	
4.16277518e-001	5.00000001e+003	
4.16944630e-001	5.00000001e+003	
4.17611741e-001	5.00000001e+003	
4.18278853e-001	5.00000001e+003	
4.18945964e-001	5.00000001e+003	
4.19613075e-001	5.00000001e+003	
4.20280187e-001	5.00000001e+003	
4.20947298e-001	5.00000001e+003	
4.21614410e-001	5.00000001e+003	
4.22281521e-001	5.00000001e+003	
4.22948632e-001	5.00000001e+003	
4.23615744e-001	5.00000001e+003	
4.24282855e-001	5.00000001e+003	
4.24949967e-001	5.00000001e+003	
4.25617078e-001	5.00000001e+003	
4.26284189e-001	5.00000001e+003	
4.26951301e-001	5.00000000e+003	
4.27618412e-001	5.00000000e+003	
4.28285524e-001	5.00000000e+003	
4.28952635e-001	5.00000000e+003	
4.29619746e-001	5.00000000e+003	
4.30286858e-001	5.00000000e+003	
4.30953969e-001	5.00000000e+003	
4.31621081e-001	5.00000000e+003	
4.32288192e-001	5.00000000e+003	
4.32955304e-001	5.00000000e+003	
4.33622415e-001	5.00000000e+003	
4.34289526e-001	5.00000000e+003	
4.34956638e-001	5.00000000e+003	
4.35623749e-001	5.00000000e+003	
4.36290861e-001	5.00000000e+003	
4.36957972e-001	5.00000000e+003	
4.37625083e-001	5.00000000e+003	
4.38292195e-001	5.00000000e+003	
4.38959306e-001	5.00000000e+003	
4.39626418e-001	5.00000000e+003	
4.40293529e-001	5.00000000e+003	
4.40960640e-001	5.00000000e+003	
4.41627752e-001	5.00000000e+003	
4.42294863e-001	5.00000000e+003	
4.42961975e-001	5.00000000e+003	
4.43629086e-001	5.00000000e+003	
4.44296197e-001	5.00000000e+003	
4.44963309e-001	5.00000000e+003	
4.45630420e-001	5.00000000e+003	
4.46297532e-001	5.00000000e+003	
4.46964643e-001	5.00000000e+003	
4.47631755e-001	5.00000000e+003	
4.48298866e-001	5.00000000e+003	
4.48965977e-001	5.00000000e+003	
4.49633089e-001	5.00000000e+003	
4.50300200e-001	5.00000000e+003	
4.50967312e-001	5.00000000e+003	
4.51634423e-001	5.00000000e+003	
4.52301534e-001	5.00000000e+003	
4.52968646e-001	5.00000000e+003	
4.53635757e-001	5.00000000e+003	
4.54302869e-001	5.00000000e+003	
4.54969980e-001	5.00000000e+003	
4.55637091e-001	5.00000000e+003	
4.56304203e-001	5.00000000e+003	
4.56971314e-001	5.00000000e+003	
4.57638426e-001	5.00000000e+003	
4.58305537e-001	5.00000000e+003	
4.58972648e-001	5.00000000e+003	
4.59639760e-001	5.00000000e+003	
4.60306871e-001	5.00000000e+003	
4.60973983e-001	5.00000000e+003	
4.61641094e-001	5.00000000e+003	
4.62308205e-001	5.00000000e+003	
4.62975317e-001	5.00000000e+003	
4.63642428e-001	5.00000000e+003	
4.64309540e-001	5.00000000e+003	
4.64976651e-001	5.00000000e+003	
4.65643763e-001	5.00000000e+003	
4.66310874e-001	5.00000000e+003	
4.66977985e-001	5.00000000e+003	
4.67645097e-001	5.00000000e+003	
4.68312208e-001	5.00000000e+003	
4.68979320e-001	5.00000000e+003	
4.69646431e-001	5.00000000e+003	
4.70313542e-001	5.00000000e+003	
4.70980654e-001	5.00000000e+003	
4.71647765e-001	5.00000000e+003	
4.72314877e-001	5.00000000e+003	
4.72981988e-001	5.00000000e+003	
4.73649099e-001	5.00000000e+003	
4.74316211e-001	5.00000000e+003	
4.74983322e-001	5.00000000e+003	
4.75650434e-001	5.00000000e+003	
4.76317545e-001	5.00000000e+003	
4.76984656e-001	5.00000000e+003	
4.77651768e-001	5.00000000e+003	
4.78318879e-001	5.00000000e+003	
4.78985991e-001	5.00000000e+003	
4.79653102e-001	5.00000000e+003	
4.80320213e-001	5.00000000e+003	
4.80987325e-001	5.00000000e+003	
4.81654436e-001	5.00000000e+003	
4.82321548e-001	5.00000000e+003	
4.82988659e-001	5.00000000e+003	
4.83655771e-001	5.00000000e+003	
4.84322882e-001	5.00000000e+003	
4.84989993e-001	5.00000000e+003	
4.85657105e-001	5.00000000e+003	
4.86324216e-001	5.00000000e+003	
4.86991328e-001	5.00000000e+003	
4.87658439e-001	5.00000000e+003	
4.88325550e-001	5.00000000e+003	
4.88992662e-001	5.00000000e+003	
4.89659773e-001	5.00000000e+003	
4.90326885e-001	5.00000000e+003	
4.90993996e-001	5.00000000e+003	
4.91661107e-001	5.00000000e+003	
4.92328219e-001	5.00000000e+003	
4.92995330e-001	5.00000000e+003	
4.93662442e-001	5.00000000e+003	
4.94329553e-001	5.00000000e+003	
4.94996664e-001	5.00000000e+003	
4.95663776e-001	5.00000000e+003	
4.96330887e-001	5.00000000e+003	
4.96997999e-001	5.00000000e+003	
4.97665110e-001	5.00000000e+003	
4.98332221e-001	5.00000000e+003	
4.98999333e-001	5.00000000e+003	
4.99666444e-001	5.00000000e+003	
5.00333556e-001	5.00000000e+003	
5.01000667e-001	5.00000000e+003	
5.01667779e-001	5.00000000e+003	
5.02334890e-001	5.00000000e+003	
5.03002001e-001	5.00000000e+003	
5.03669113e-001	5.00000000e+003	
5.04336224e-001	5.00000000e+003	
5.05003336e-001	5.00000000e+003	
5.05670447e-001	5.00000000e+003	
5.06337558e-001	5.00000000e+003	
5.07004670e-001	5.00000000e+003	
5.07671781e-001	5.00000000e+003	
5.08338893e-001	5.00000000e+003	
5.09006004e-001	5.00000000e+003	
5.09673115e-001	5.00000000e+003	
5.10340227e-001	5.00000000e+003	
5.11007338e-001	5.00000000e+003	
5.11674450e-001	5.00000000e+003	
5.12341561e-001	5.00000000e+003	
5.13008672e-001	5.00000000e+003	
5.13675784e-001	5.00000000e+003	
5.14342895e-001	5.00000000e+003	
5.15010007e-001	5.00000000e+003	
5.15677118e-001	5.00000000e+003	
5.16344229e-001	5.00000000e+003	
5.17011341e-001	5.00000000e+003	
5.17678452e-001	5.00000000e+003	
5.18345564e-001	5.00000000e+003	
5.19012675e-001	5.00000000e+003	
5.19679787e-001	5.00000000e+003	
5.20346898e-001	5.00000000e+003	
5.21014009e-001	5.00000000e+003	
5.21681121e-001	5.00000000e+003	
5.22348232e-001	5.00000000e+003	
5.23015344e-001	5.00000000e+003	
5.23682455e-001	5.00000000e+003	
5.24349566e-001	5.00000000e+003	
5.25016678e-001	5.00000000e+003	
5.25683789e-001	5.00000000e+003	
5.26350901e-001	5.00000000e+003	
5.27018012e-001	5.00000000e+003	
5.27685123e-001	5.00000000e+003	
5.28352235e-001	5.00000000e+003	
5.29019346e-001	5.00000000e+003	
5.29686458e-001	5.00000000e+003	
5.30353569e-001	5.00000000e+003	
5.31020680e-001	5.00000000e+003	
5.31687792e-001	5.00000000e+003	
5.32354903e-001	5.00000000e+003	
5.33022015e-001	5.00000000e+003	
5.33689126e-001	5.00000000e+003	
5.34356237e-001	5.00000000e+003	
5.35023349e-001	5.00000000e+003	
5.35690460e-001	5.00000000e+003	
5.36357572e-001	5.00000000e+003	
5.37024683e-001	5.00000000e+003	
5.37691795e-001	5.00000000e+003	
5.38358906e-001	5.00000000e+003	
5.39026017e-001	5.00000000e+003	
5.39693129e-001	5.00000000e+003	
5.40360240e-001	5.00000000e+003	
5.41027352e-001	5.00000000e+003	
5.41694463e-001	5.00000000e+003	
5.42361574e-001	5.00000000e+003	
5.43028686e-001	5.00000000e+003	
5.43695797e-001	5.00000000e+003	
5.44362909e-001	5.00000000e+003	
5.45030020e-001	5.00000000e+003	
5.45697131e-001	5.00000000e+003	
5.46364243e-001	5.00000000e+003	
5.47031354e-001	5.00000000e+003	
5.47698466e-001	5.00000000e+003	
5.48365577e-001	5.00000000e+003	
5.49032688e-001	5.00000000e+003	
5.49699800e-001	5.00000000e+003	
5.50366911e-001	5.00000000e+003	
5.51034023e-001	5.00000000e+003	
5.51701134e-001	5.00000000e+003	
5.52368245e-001	5.00000000e+003	
5.53035357e-001	5.00000000e+003	
5.53702468e-001	5.00000000e+003	
5.54369580e-001	5.00000000e+003	
5.55036691e-001	5.00000000e+003	
5.55703803e-001	5.00000000e+003	
5.56370914e-001	5.00000000e+003	
5.57038025e-001	5.00000000e+003	
5.57705137e-001	5.00000000e+003	
5.58372248e-001	5.00000000e+003	
5.59039360e-001	5.00000000e+003	
5.59706471e-001	5.00000000e+003	
5.60373582e-001	5.00000000e+003	
5.61040694e-001	5.00000000e+003	
5.61707805e-001	5.00000000e+003	
5.62374917e-001	5.00000000e+003	
5.63042028e-001	5.00000000e+003	
5.63709139e-001	5.00000000e+003	
5.64376251e-001	5.00000000e+003	
5.65043362e-001	5.00000000e+003	
5.65710474e-001	5.00000000e+003	
5.66377585e-001	5.00000000e+003	
5.67044696e-001	5.00000000e+003	
5.67711808e-001	5.00000000e+003	
5.68378919e-001	5.00000000e+003	
5.69046031e-001	5.00000000e+003	
5.69713142e-001	5.00000000e+003	
5.70380254e-001	5.00000000e+003	
5.71047365e-001	5.00000000e+003	
5.71714476e-001	5.00000000e+003	
5.72381588e-001	5.00000000e+003	
5.73048699e-001	5.00000000e+003	
5.73715811e-001	5.00000000e+003	
5.74382922e-001	5.00000000e+003	
5.75050033e-001	5.00000000e+003	
5.75717145e-001	5.00000000e+003	
5.76384256e-001	5.00000000e+003	
5.77051368e-001	5.00000000e+003	
5.77718479e-001	5.00000000e+003	
5.78385590e-001	5.00000000e+003	
5.79052702e-001	5.00000000e+003	
5.79719813e-001	5.00000000e+003	
5.80386925e-001	5.00000000e+003	
5.81054036e-001	5.00000000e+003	
5.81721147e-001	5.00000000e+003	
5.82388259e-001	5.00000000e+003	
5.83055370e-001	5.00000000e+003	
5.83722482e-001	4.99999999e+003	
5.84389593e-001	4.99999999e+003	
5.85056704e-001	4.99999999e+003	
5.85723816e-001	4.99999999e+003	
5.86390927e-001	4.99999999e+003	
5.87058039e-001	4.99999999e+003	
5.87725150e-001	4.99999999e+003	
5.88392262e-001	4.99999999e+003	
5.89059373e-001	4.99999999e+003	
5.89726484e-001	4.99999999e+003	
5.90393596e-001	4.99999999e+003	
5.91060707e-001	4.99999999e+003	
5.91727819e-001	4.99999999e+003	
5.92394930e-001	4.99999999e+003	
5.93062041e-001	4.99999999e+003	
5.93729153e-001	4.99999999e+003	
5.94396264e-001	4.99999999e+003	
5.95063376e-001	4.99999999e+003	
5.95730487e-001	4.99999999e+003	
5.96397598e-001	4.99999999e+003	
5.97064710e-001	4.99999999e+003	
5.97731821e-001	4.99999999e+003	
5.98398933e-001	4.99999999e+003	
5.99066044e-001	4.99999999e+003	
5.99733155e-001	4.99999999e+003	
6.00400267e-001	0.00000000e+000	
6.01067378e-001	0.00000000e+000	
6.01734490e-001	0.00000000e+000	
6.02401601e-001	0.00000000e+000	
6.03068712e-001	0.00000000e+000	
6.03735824e-001	0.00000000e+000	
6.04402935e-001	0.00000000e+000	
6.05070047e-001	0.00000000e+000	
6.05737158e-001	0.00000000e+000	
6.06404270e-001	0.00000000e+000	
6.07071381e-001	0.00000000e+000	
6.07738492e-001	0.00000000e+000	
6.08405604e-001	0.00000000e+000	
6.09072715e-001	0.00000000e+000	
6.09739827e-001	0.00000000e+000	
6.10406938e-001	0.00000000e+000	
6.11074049e-001	0.00000000e+000	
6.11741161e-001	0.00000000e+000	
6.12408272e-001	0.00000000e+000	
6.13075384e-001	0.00000000e+000	
6.13742495e-001	0.00000000e+000	
6.14409606e-001	0.00000000e+000	
6.15076718e-001	0.00000000e+000	
6.15743829e-001	0.00000000e+000	
6.16410941e-001	0.00000000e+000	
6.17078052e-001	0.00000000e+000	
6.17745163e-001	0.00000000e+000	
6.18412275e-001	0.00000000e+000	
6.19079386e-001	0.00000000e+000	
6.19746498e-001	0.00000000e+000	
6.20413609e-001	0.00000000e+000	
6.21080720e-001	0.00000000e+000	
6.21747832e-001	0.00000000e+000	
6.22414943e-001	0.00000000e+000	
6.23082055e-001	0.00000000e+000	
6.23749166e-001	0.00000000e+000	
6.24416278e-001	0.00000000e+000	
6.25083389e-001	0.00000000e+000	
6.25750500e-001	0.00000000e+000	
6.26417612e-001	0.00000000e+000	
6.27084723e-001	0.00000000e+000	
6.27751835e-001	0.00000000e+000	
6.28418946e-001	0.00000000e+000	
6.29086057e-001	0.00000000e+000	
6.29753169e-001	0.00000000e+000	
6.30420280e-001	0.00000000e+000	
6.31087392e-001	0.00000000e+000	
6.31754503e-001	0.00000000e+000	
6.32421614e-001	0.00000000e+000	
6.33088726e-001	0.00000000e+000	
6.33755837e-001	0.00000000e+000	
6.34422949e-001	0.00000000e+000	
6.35090060e-001	0.00000000e+000	
6.35757171e-001	0.00000000e+000	
6.36424283e-001	0.00000000e+000	
6.37091394e-001	0.00000000e+000	
6.37758506e-001	0.00000000e+000	
6.38425617e-001	0.00000000e+000	
6.39092728e-001	0.00000000e+000	
6.39759840e-001	0.00000000e+000	
6.40426951e-001	0.00000000e+000	
6.41094063e-001	0.00000000e+000	
6.41761174e-001	0.00000000e+000	
6.42428286e-001	0.00000000e+000	
6.43095397e-001	0.00000000e+000	
6.43762508e-001	0.00000000e+000	
6.44429620e-001	0.00000000e+000	
6.45096731e-001	0.00000000e+000	
6.45763843e-001	0.00000000e+000	
6.46430954e-001	0.00000000e+000	
6.47098065e-001	0.00000000e+000	
6.47765177e-001	0.00000000e+000	
6.48432288e-001	0.00000000e+000	
6.49099400e-001	0.00000000e+000	
6.49766511e-001	0.00000000e+000	
6.50433622e-001	0.00000000e+000	
6.51100734e-001	0.00000000e+000	
6.51767845e-001	0.00000000e+000	
6.52434957e-001	0.00000000e+000	
6.53102068e-001	0.00000000e+000	
6.53769179e-001	0.00000000e+000	
6.54436291e-001	0.00000000e+000	
6.55103402e-001	0.00000000e+000	
6.55770514e-001	0.00000000e+000	
6.56437625e-001	0.00000000e+000	
6.57104736e-001	0.00000000e+000	
6.57771848e-001	0.00000000e+000	
6.58438959e-001	0.00000000e+000	
6.59106071e-001	0.00000000e+000	
6.59773182e-001	0.00000000e+000	
6.60440294e-001	0.00000000e+000	
6.61107405e-001	0.00000000e+000	
6.61774516e-001	0.00000000e+000	
6.62441628e-001	0.00000000e+000	
6.63108739e-001	0.00000000e+000	
6.63775851e-001	0.00000000e+000	
6.64442962e-001	0.00000000e+000	
6.65110073e-001	0.00000000e+000	
6.65777185e-001	0.00000000e+000	
6.66444296e-001	0.00000000e+000	
6.67111408e-001	0.00000000e+000	
6.67778519e-001	0.00000000e+000	
6.68445630e-001	0.00000000e+000	
6.69112742e-001	0.00000000e+000	
6.69779853e-001	0.00000000e+000	
6.70446965e-001	0.00000000e+000	
6.71114076e-001	0.00000000e+000	
6.71781187e-001	0.00000000e+000	
6.72448299e-001	0.00000000e+000	
6.73115410e-001	0.00000000e+000	
6.73782522e-001	0.00000000e+000	
6.74449633e-001	0.00000000e+000	
6.75116744e-001	0.00000000e+000	
6.75783856e-001	0.00000000e+000	
6.76450967e-001	0.00000000e+000	
6.77118079e-001	0.00000000e+000	
6.77785190e-001	0.00000000e+000	
6.78452302e-001	0.00000000e+000	
6.79119413e-001	0.00000000e+000	
6.79786524e-001	0.00000000e+000	
6.80453636e-001	0.00000000e+000	
6.81120747e-001	0.00000000e+000	
6.81787859e-001	0.00000000e+000	
6.82454970e-001	0.00000000e+000	
6.83122081e-001	0.00000000e+000	
6.83789193e-001	0.00000000e+000	
6.84456304e-001	0.00000000e+000	
6.85123416e-001	0.00000000e+000	
6.85790527e-001	0.00000000e+000	
6.86457638e-001	0.00000000e+000	
6.87124750e-001	0.00000000e+000	
6.87791861e-001	0.00000000e+000	
6.88458973e-001	0.00000000e+000	
6.89126084e-001	0.00000000e+000	
6.89793195e-001	0.00000000e+000	
6.90460307e-001	0.00000000e+000	
6.91127418e-001	0.00000000e+000	
6.91794530e-001	0.00000000e+000	
6.92461641e-001	0.00000000e+000	
6.93128753e-001	0.00000000e+000	
6.93795864e-001	0.00000000e+000	
6.94462975e-001	0.00000000e+000	
6.95130087e-001	0.00000000e+000	
6.95797198e-001	0.00000000e+000	
6.96464310e-001	0.00000000e+000	
6.97131421e-001	0.00000000e+000	
6.97798532e-001	0.00000000e+000	
6.98465644e-001	0.00000000e+000	
6.99132755e-001	0.00000000e+000	
6.99799867e-001	0.00000000e+000	
7.00466978e-001	0.00000000e+000	
7.01134089e-001	0.00000000e+000	
7.01801201e-001	0.00000000e+000	
7.02468312e-001	0.00000000e+000	
7.03135424e-001	0.00000000e+000	
7.03802535e-001	0.00000000e+000	
7.04469646e-001	0.00000000e+000	
7.05136758e-001	0.00000000e+000	
7.05803869e-001	0.00000000e+000	
7.06470981e-001	0.00000000e+000	
7.07138092e-001	0.00000000e+000	
7.07805203e-001	0.00000000e+000	
7.08472315e-001	0.00000000e+000	
7.09139426e-001	0.00000000e+000	
7.09806538e-001	0.00000000e+000	
7.10473649e-001	0.00000000e+000	
7.11140761e-001	0.00000000e+000	
7.11807872e-001	0.00000000e+000	
7.12474983e-001	0.00000000e+000	
7.13142095e-001	0.00000000e+000	
7.13809206e-001	0.00000000e+000	
7.14476318e-001	0.00000000e+000	
7.15143429e-001	0.00000000e+000	
7.15810540e-001	0.00000000e+000	
7.16477652e-001	0.00000000e+000	
7.17144763e-001	0.00000000e+000	
7.17811875e-001	0.00000000e+000	
7.18478986e-001	0.00000000e+000	
7.19146097e-001	0.00000000e+000	
7.19813209e-001	0.00000000e+000	
7.20480320e-001	0.00000000e+000	
7.21147432e-001	0.00000000e+000	
7.21814543e-001	0.00000000e+000	
7.22481654e-001	0.00000000e+000	
7.23148766e-001	0.00000000e+000	
7.23815877e-001	0.00000000e+000	
7.24482989e-001	0.00000000e+000	
7.25150100e-001	0.00000000e+000	
7.25817211e-001	0.00000000e+000	
7.26484323e-001	0.00000000e+000	
7.27151434e-001	0.00000000e+000	
7.27818546e-001	0.00000000e+000	
7.28485657e-001	0.00000000e+000	
7.29152769e-001	0.00000000e+000	
7.29819880e-001	0.00000000e+000	
7.30486991e-001	0.00000000e+000	
7.31154103e-001	0.00000000e+000	
7.31821214e-001	0.00000000e+000	
7.32488326e-001	0.00000000e+000	
7.33155437e-001	0.00000000e+000	
7.33822548e-001	0.00000000e+000	
7.34489660e-001	0.00000000e+000	
7.35156771e-001	0.00000000e+000	
7.35823883e-001	0.00000000e+000	
7.36490994e-001	0.00000000e+000	
7.37158105e-001	0.00000000e+000	
7.37825217e-001	0.00000000e+000	
7.38492328e-001	0.00000000e+000	
7.39159440e-001	0.00000000e+000	
7.39826551e-001	0.00000000e+000	
7.40493662e-001	0.00000000e+000	
7.41160774e-001	0.00000000e+000	
7.41827885e-001	0.00000000e+000	
7.42494997e-001	0.00000000e+000	
7.43162108e-001	0.00000000e+000	
7.43829219e-001	0.00000000e+000	
7.44496331e-001	0.00000000e+000	
7.45163442e-001	0.00000000e+000	
7.45830554e-001	0.00000000e+000	
7.46497665e-001	0.00000000e+000	
7.47164777e-001	0.00000000e+000	
7.47831888e-001	0.00000000e+000	
7.48498999e-001	0.00000000e+000	
7.49166111e-001	0.00000000e+000	
7.49833222e-001	0.00000000e+000	
7.50500334e-001	0.00000000e+000	
7.51167445e-001	0.00000000e+000	
7.51834556e-001	0.00000000e+000	
7.52501668e-001	0.00000000e+000	
7.53168779e-001	0.00000000e+000	
7.53835891e-001	0.00000000e+000	
7.54503002e-001	0.00000000e+000	
7.55170113e-001	0.00000000e+000	
7.55837225e-001	0.00000000e+000	
7.56504336e-001	0.00000000e+000	
7.57171448e-001	0.00000000e+000	
7.57838559e-001	0.00000000e+000	
7.58505670e-001	0.00000000e+000	
7.59172782e-001	0.00000000e+000	
7.59839893e-001	0.00000000e+000	
7.60507005e-001	0.00000000e+000	
7.61174116e-001	0.00000000e+000	
7.61841227e-001	0.00000000e+000	
7.62508339e-001	0.00000000e+000	
7.63175450e-001	0.00000000e+000	
7.63842562e-001	0.00000000e+000	
7.64509673e-001	0.00000000e+000	
7.65176785e-001	0.00000000e+000	
7.65843896e-001	0.00000000e+000	
7.66511007e-001	0.00000000e+000	
7.67178119e-001	0.00000000e+000	
7.67845230e-001	0.00000000e+000	
7.68512342e-001	0.00000000e+000	
7.69179453e-001	0.00000000e+000	
7.69846564e-001	0.00000000e+000	
7.70513676e-001	0.00000000e+000	
7.71180787e-001	0.00000000e+000	
7.71847899e-001	0.00000000e+000	
7.72515010e-001	0.00000000e+000	
7.73182121e-001	0.00000000e+000	
7.73849233e-001	0.00000000e+000	
7.74516344e-001	0.00000000e+000	
7.75183456e-001	0.00000000e+000	
7.75850567e-001	0.00000000e+000	
7.76517678e-001	0.00000000e+000	
7.77184790e-001	0.00000000e+000	
7.77851901e-001	0.00000000e+000	
7.78519013e-001	0.00000000e+000	
7.79186124e-001	0.00000000e+000	
7.79853235e-001	0.00000000e+000	
7.80520347e-001	0.00000000e+000	
7.81187458e-001	0.00000000e+000	
7.81854570e-001	0.00000000e+000	
7.82521681e-001	0.00000000e+000	
7.83188793e-001	0.00000000e+000	
7.83855904e-001	0.00000000e+000	
7.84523015e-001	0.00000000e+000	
7.85190127e-001	0.00000000e+000	
7.85857238e-001	0.00000000e+000	
7.86524350e-001	0.00000000e+000	
7.87191461e-001	0.00000000e+000	
7.87858572e-001	0.00000000e+000	
7.88525684e-001	0.00000000e+000	
7.89192795e-001	0.00000000e+000	
7.89859907e-001	0.00000000e+000	
7.90527018e-001	0.00000000e+000	
7.91194129e-001	0.00000000e+000	
7.91861241e-001	0.00000000e+000	
7.92528352e-001	0.00000000e+000	
7.93195464e-001	0.00000000e+000	
7.93862575e-001	0.00000000e+000	
7.94529686e-001	0.00000000e+000	
7.95196798e-001	0.00000000e+000	
7.95863909e-001	0.00000000e+000	
7.96531021e-001	0.00000000e+000	
7.97198132e-001	0.00000000e+000	
7.97865243e-001	0.00000000e+000	
7.98532355e-001	0.00000000e+000	
7.99199466e-001	0.00000000e+000	
7.99866578e-001	0.00000000e+000	
8.00533689e-001	0.00000000e+000	
8.01200801e-001	0.00000000e+000	
8.01867912e-001	0.00000000e+000	
8.02535023e-001	0.00000000e+000	
8.03202135e-001	0.00000000e+000	
8.03869246e-001	0.00000000e+000	
8.04536358e-001	0.00000000e+000	
8.05203469e-001	0.00000000e+000	
8.05870580e-001	0.00000000e+000	
8.06537692e-001	0.00000000e+000	
8.07204803e-001	0.00000000e+000	
8.07871915e-001	0.00000000e+000	
8.08539026e-001	0.00000000e+000	
8.09206137e-001	0.00000000e+000	
8.09873249e-001	0.00000000e+000	
8.10540360e-001	0.00000000e+000	
8.11207472e-001	0.00000000e+000	
8.11874583e-001	0.00000000e+000	
8.12541694e-001	0.00000000e+000	
8.13208806e-001	0.00000000e+000	
8.13875917e-001	0.00000000e+000	
8.14543029e-001	0.00000000e+000	
8.15210140e-001	0.00000000e+000	
8.15877252e-001	0.00000000e+000	
8.16544363e-001	0.00000000e+000	
8.17211474e-001	0.00000000e+000	
8.17878586e-001	0.00000000e+000	
8.18545697e-001	0.00000000e+000	
8.19212809e-001	0.00000000e+000	
8.19879920e-001	0.00000000e+000	
8.20547031e-001	0.00000000e+000	
8.21214143e-001	0.00000000e+000	
8.21881254e-001	0.00000000e+000	
8.22548366e-001	0.00000000e+000	
8.23215477e-001	0.00000000e+000	
8.23882588e-001	0.00000000e+000	
8.24549700e-001	0.00000000e+000	
8.25216811e-001	0.00000000e+000	
8.25883923e-001	0.00000000e+000	
8.26551034e-001	0.00000000e+000	
8.27218145e-001	0.00000000e+000	
8.27885257e-001	0.00000000e+000	
8.28552368e-001	0.00000000e+000	
8.29219480e-001	0.00000000e+000	
8.29886591e-001	0.00000000e+000	
8.30553702e-001	0.00000000e+000	
8.31220814e-001	0.00000000e+000	
8.31887925e-001	0.00000000e+000	
8.32555037e-001	0.00000000e+000	
8.33222148e-001	0.00000000e+000	
8.33889260e-001	0.00000000e+000	
8.34556371e-001	0.00000000e+000	
8.35223482e-001	0.00000000e+000	
8.35890594e-001	0.00000000e+000	
8.36557705e-001	0.00000000e+000	
8.37224817e-001	0.00000000e+000	
8.37891928e-001	0.00000000e+000	
8.38559039e-001	0.00000000e+000	
8.39226151e-001	0.00000000e+000	
8.39893262e-001	0.00000000e+000	
8.40560374e-001	0.00000000e+000	
8.41227485e-001	0.00000000e+000	
8.41894596e-001	0.00000000e+000	
8.42561708e-001	0.00000000e+000	
8.43228819e-001	0.00000000e+000	
8.43895931e-001	0.00000000e+000	
8.44563042e-001	0.00000000e+000	
8.45230153e-001	0.00000000e+000	
8.45897265e-001	0.00000000e+000	
8.46564376e-001	0.00000000e+000	
8.47231488e-001	0.00000000e+000	
8.47898599e-001	0.00000000e+000	
8.48565710e-001	0.00000000e+000	
8.49232822e-001	0.00000000e+000	
8.49899933e-001	0.00000000e+000	
8.50567045e-001	0.00000000e+000	
8.51234156e-001	0.00000000e+000	
8.51901268e-001	0.00000000e+000	
8.52568379e-001	0.00000000e+000	
8.53235490e-001	0.00000000e+000	
8.53902602e-001	0.00000000e+000	
8.54569713e-001	0.00000000e+000	
8.55236825e-001	0.00000000e+000	
8.55903936e-001	0.00000000e+000	
8.56571047e-001	0.00000000e+000	
8.57238159e-001	0.00000000e+000	
8.57905270e-001	0.00000000e+000	
8.58572382e-001	0.00000000e+000	
8.59239493e-001	0.00000000e+000	
8.59906604e-001	0.00000000e+000	
8.60573716e-001	0.00000000e+000	
8.61240827e-001	0.00000000e+000	
8.61907939e-001	0.00000000e+000	
8.62575050e-001	0.00000000e+000	
8.63242161e-001	0.00000000e+000	
8.63909273e-001	0.00000000e+000	
8.64576384e-001	0.00000000e+000	
8.65243496e-001	0.00000000e+000	
8.65910607e-001	0.00000000e+000	
8.66577718e-001	0.00000000e+000	
8.67244830e-001	0.00000000e+000	
8.67911941e-001	0.00000000e+000	
8.68579053e-001	0.00000000e+000	
8.69246164e-001	0.00000000e+000	
8.69913276e-001	0.00000000e+000	
8.70580387e-001	0.00000000e+000	
8.71247498e-001	0.00000000e+000	
8.71914610e-001	0.00000000e+000	
8.72581721e-001	0.00000000e+000	
8.73248833e-001	0.00000000e+000	
8.73915944e-001	0.00000000e+000	
8.74583055e-001	0.00000000e+000	
8.75250167e-001	0.00000000e+000	
8.75917278e-001	0.00000000e+000	
8.76584390e-001	0.00000000e+000	
8.77251501e-001	0.00000000e+000	
8.77918612e-001	0.00000000e+000	
8.78585724e-001	0.00000000e+000	
8.79252835e-001	0.00000000e+000	
8.79919947e-001	0.00000000e+000	
8.80587058e-001	0.00000000e+000	
8.81254169e-001	0.00000000e+000	
8.81921281e-001	0.00000000e+000	
8.82588392e-001	0.00000000e+000	
8.83255504e-001	0.00000000e+000	
8.83922615e-001	0.00000000e+000	
8.84589726e-001	0.00000000e+000	
8.85256838e-001	0.00000000e+000	
8.85923949e-001	0.00000000e+000	
8.86591061e-001	0.00000000e+000	
8.87258172e-001	0.00000000e+000	
8.87925284e-001	0.00000000e+000	
8.88592395e-001	0.00000000e+000	
8.89259506e-001	0.00000000e+000	
8.89926618e-001	0.00000000e+000	
8.90593729e-001	0.00000000e+000	
8.91260841e-001	0.00000000e+000	
8.91927952e-001	0.00000000e+000	
8.92595063e-001	0.00000000e+000	
8.93262175e-001	0.00000000e+000	
8.93929286e-001	0.00000000e+000	
8.94596398e-001	0.00000000e+000	
8.95263509e-001	0.00000000e+000	
8.95930620e-001	0.00000000e+000	
8.96597732e-001	0.00000000e+000	
8.97264843e-001	0.00000000e+000	
8.97931955e-001	0.00000000e+000	
8.98599066e-001	0.00000000e+000	
8.99266177e-001	0.00000000e+000	
8.99933289e-001	0.00000000e+000	
9.00600400e-001	0.00000000e+000	
9.01267512e-001	0.00000000e+000	
9.01934623e-001	0.00000000e+000	
9.02601734e-001	0.00000000e+000	
9.03268846e-001	0.00000000e+000	
9.03935957e-001	0.00000000e+000	
9.04603069e-001	0.00000000e+000	
9.05270180e-001	0.00000000e+000	
9.05937292e-001	0.00000000e+000	
9.06604403e-001	0.00000000e+000	
9.07271514e-001	0.00000000e+000	
9.07938626e-001	0.00000000e+000	
9.08605737e-001	0.00000000e+000	
9.09272849e-001	0.00000000e+000	
9.09939960e-001	0.00000000e+000	
9.10607071e-001	0.00000000e+000	
9.11274183e-001	0.00000000e+000	
9.11941294e-001	0.00000000e+000	
9.12608406e-001	0.00000000e+000	
9.13275517e-001	0.00000000e+000	
9.13942628e-001	0.00000000e+000	
9.14609740e-001	0.00000000e+000	
9.15276851e-001	0.00000000e+000	
9.15943963e-001	0.00000000e+000	
9.16611074e-001	0.00000000e+000	
9.17278185e-001	0.00000000e+000	
9.17945297e-001	0.00000000e+000	
9.18612408e-001	0.00000000e+000	
9.19279520e-001	0.00000000e+000	
9.19946631e-001	0.00000000e+000	
9.20613742e-001	0.00000000e+000	
9.21280854e-001	0.00000000e+000	
9.21947965e-001	0.00000000e+000	
9.22615077e-001	0.00000000e+000	
9.23282188e-001	0.00000000e+000	
9.23949300e-001	0.00000000e+000	
9.24616411e-001	0.00000000e+000	
9.25283522e-001	0.00000000e+000	
9.25950634e-001	0.00000000e+000	
9.26617745e-001	0.00000000e+000	
9.27284857e-001	0.00000000e+000	
9.27951968e-001	0.00000000e+000	
9.28619079e-001	0.00000000e+000	
9.29286191e-001	0.00000000e+000	
9.29953302e-001	0.00000000e+000	
9.30620414e-001	0.00000000e+000	
9.31287525e-001	0.00000000e+000	
9.31954636e-001	0.00000000e+000	
9.32621748e-001	0.00000000e+000	
9.33288859e-001	0.00000000e+000	
9.33955971e-001	0.00000000e+000	
9.34623082e-001	0.00000000e+000	
9.35290193e-001	0.00000000e+000	
9.35957305e-001	0.00000000e+000	
9.36624416e-001	0.00000000e+000	
9.37291528e-001	0.00000000e+000	
9.37958639e-001	0.00000000e+000	
9.38625751e-001	0.00000000e+000	
9.39292862e-001	0.00000000e+000	
9.39959973e-001	0.00000000e+000	
9.40627085e-001	0.00000000e+000	
9.41294196e-001	0.00000000e+000	
9.41961308e-001	0.00000000e+000	
9.42628419e-001	0.00000000e+000	
9.43295530e-001	0.00000000e+000	
9.43962642e-001	0.00000000e+000	
9.44629753e-001	0.00000000e+000	
9.45296865e-001	0.00000000e+000	
9.45963976e-001	0.00000000e+000	
9.46631087e-001	0.00000000e+000	
9.47298199e-001	0.00000000e+000	
9.47965310e-001	0.00000000e+000	
9.48632422e-001	0.00000000e+000	
9.49299533e-001	0.00000000e+000	
9.49966644e-001	0.00000000e+000	
9.50633756e-001	0.00000000e+000	
9.51300867e-001	0.00000000e+000	
9.51967979e-001	0.00000000e+000	
9.52635090e-001	0.00000000e+000	
9.53302201e-001	0.00000000e+000	
9.53969313e-001	0.00000000e+000	
9.54636424e-001	0.00000000e+000	
9.55303536e-001	0.00000000e+000	
9.55970647e-001	0.00000000e+000	
9.56637759e-001	0.00000000e+000	
9.57304870e-001	0.00000000e+000	
9.57971981e-001	0.00000000e+000	
9.58639093e-001	0.00000000e+000	
9.59306204e-001	0.00000000e+000	
9.59973316e-001	0.00000000e+000	
9.60640427e-001	0.00000000e+000	
9.61307538e-001	0.00000000e+000	
9.61974650e-001	0.00000000e+000	
9.62641761e-001	0.00000000e+000	
9.63308873e-001	0.00000000e+000	
9.63975984e-001	0.00000000e+000	
9.64643095e-001	0.00000000e+000	
9.65310207e-001	0.00000000e+000	
9.65977318e-001	0.00000000e+000	
9.66644430e-001	0.00000000e+000	
9.67311541e-001	0.00000000e+000	
9.67978652e-001	0.00000000e+000	
9.68645764e-001	0.00000000e+000	
9.69312875e-001	0.00000000e+000	
9.69979987e-001	0.00000000e+000	
9.70647098e-001	0.00000000e+000	
9.71314209e-001	0.00000000e+000	
9.71981321e-001	0.00000000e+000	
9.72648432e-001	0.00000000e+000	
9.73315544e-001	0.00000000e+000	
9.73982655e-001	0.00000000e+000	
9.74649767e-001	0.00000000e+000	
9.75316878e-001	0.00000000e+000	
9.75983989e-001	0.00000000e+000	
9.76651101e-001	0.00000000e+000	
9.77318212e-001	0.00000000e+000	
9.77985324e-001	0.00000000e+000	
9.78652435e-001	0.00000000e+000	
9.79319546e-001	0.00000000e+000	
9.79986658e-001	0.00000000e+000	
9.80653769e-001	0.00000000e+000	
9.81320881e-001	0.00000000e+000	
9.81987992e-001	0.00000000e+000	
9.82655103e-001	0.00000000e+000	
9.83322215e-001	0.00000000e+000	
9.83989326e-001	0.00000000e+000	
9.84656438e-001	0.00000000e+000	
9.85323549e-001	0.00000000e+000	
9.85990660e-001	0.00000000e+000	
9.86657772e-001	0.00000000e+000	
9.87324883e-001	0.00000000e+000	
9.87991995e-001	0.00000000e+000	
9.88659106e-001	0.00000000e+000	
9.89326217e-001	0.00000000e+000	
9.89993329e-001	0.00000000e+000	
9.90660440e-001	0.00000000e+000	
9.91327552e-001	0.00000000e+000	
9.91994663e-001	0.00000000e+000	
9.92661775e-001	0.00000000e+000	
9.93328886e-001	0.00000000e+000	
9.93995997e-001	0.00000000e+000	
9.94663109e-001	0.00000000e+000	
9.95330220e-001	0.00000000e+000	
9.95997332e-001	0.00000000e+000	
9.96664443e-001	0.00000000e+000	
9.97331554e-001	0.00000000e+000	
9.97998666e-001	0.00000000e+000	
9.98665777e-001	0.00000000e+000	
9.99332889e-001	0.00000000e+000	
1.00000000e+000	0.00000000e+000	
