% Column 0: Length, mm
% Column 1: |E|, V/m
0.00000000e+000	1.83407705e-005	
4.66312783e-003	1.84250240e-005	
9.32625565e-003	1.85098904e-005	
1.39893835e-002	1.85953613e-005	
1.86525113e-002	1.86814284e-005	
2.33156391e-002	1.87680836e-005	
2.79787670e-002	1.88553186e-005	
3.26418948e-002	1.89431256e-005	
3.73050226e-002	1.90314965e-005	
4.19681504e-002	1.91204236e-005	
4.66312783e-002	1.92098991e-005	
5.12944061e-002	1.92999155e-005	
5.59575339e-002	1.93904651e-005	
6.06206617e-002	1.94815405e-005	
6.52837896e-002	1.95731345e-005	
6.99469174e-002	1.96652397e-005	
7.46100452e-002	1.97578490e-005	
7.92731731e-002	1.98509554e-005	
8.39363009e-002	1.99445518e-005	
8.85994287e-002	2.00386315e-005	
9.32625565e-002	2.01331876e-005	
9.79256844e-002	2.02282135e-005	
1.02588812e-001	2.03237025e-005	
1.07251940e-001	2.04196482e-005	
1.11915068e-001	2.05160442e-005	
1.16578196e-001	2.06128842e-005	
1.21241323e-001	2.07101619e-005	
1.25904451e-001	2.08078712e-005	
1.30567579e-001	2.09060060e-005	
1.35230707e-001	2.10045603e-005	
1.39893835e-001	2.11035284e-005	
1.44556963e-001	2.12029044e-005	
1.49220090e-001	2.13026825e-005	
1.53883218e-001	2.14028573e-005	
1.58546346e-001	2.15034230e-005	
1.63209474e-001	2.16043743e-005	
1.67872602e-001	2.17057058e-005	
1.72535730e-001	2.18074122e-005	
1.77198857e-001	2.19094883e-005	
1.81861985e-001	2.20119289e-005	
1.86525113e-001	2.21147289e-005	
1.91188241e-001	2.22178834e-005	
1.95851369e-001	2.23213874e-005	
2.00514497e-001	2.24252362e-005	
2.05177624e-001	2.25294249e-005	
2.09840752e-001	2.26339488e-005	
2.14503880e-001	2.27388034e-005	
2.19167008e-001	2.28439840e-005	
2.23830136e-001	2.29494863e-005	
2.28493264e-001	2.30553057e-005	
2.33156391e-001	2.31614379e-005	
2.37819519e-001	2.32678787e-005	
2.42482647e-001	2.33746239e-005	
2.47145775e-001	2.34816692e-005	
2.51808903e-001	2.35890106e-005	
2.56472030e-001	2.36966441e-005	
2.61135158e-001	2.38236520e-005	
2.65798286e-001	2.40246649e-005	
2.70461414e-001	2.42264891e-005	
2.75124542e-001	2.44291045e-005	
2.79787670e-001	2.46324917e-005	
2.84450797e-001	2.48366315e-005	
2.89113925e-001	2.50415057e-005	
2.93777053e-001	2.52470963e-005	
2.98440181e-001	2.54533860e-005	
3.03103309e-001	2.56603579e-005	
3.07766437e-001	2.58679957e-005	
3.12429564e-001	2.60762834e-005	
3.17092692e-001	2.62852056e-005	
3.21755820e-001	2.64947472e-005	
3.26418948e-001	2.67048938e-005	
3.31082076e-001	2.68358154e-005	
3.35745204e-001	2.69662258e-005	
3.40408331e-001	2.70972953e-005	
3.45071459e-001	2.72290146e-005	
3.49734587e-001	2.73613741e-005	
3.54397715e-001	2.74943646e-005	
3.59060843e-001	2.76279770e-005	
3.63723970e-001	2.77622024e-005	
3.68387098e-001	2.78970319e-005	
3.73050226e-001	2.80324567e-005	
3.77713354e-001	2.81684683e-005	
3.82376482e-001	2.83050582e-005	
3.87039610e-001	2.84422182e-005	
3.91702737e-001	2.85799399e-005	
3.96365865e-001	2.87182153e-005	
4.01028993e-001	2.88570365e-005	
4.05692121e-001	2.89963955e-005	
4.10355249e-001	2.91069688e-005	
4.15018377e-001	2.91946581e-005	
4.19681504e-001	2.92824321e-005	
4.24344632e-001	2.93702900e-005	
4.29007760e-001	2.94582310e-005	
4.33670888e-001	2.95462544e-005	
4.38334016e-001	2.96343595e-005	
4.42997144e-001	2.97225456e-005	
4.47660271e-001	2.98108118e-005	
4.52323399e-001	2.98991576e-005	
4.56986527e-001	2.99875822e-005	
4.61649655e-001	3.00760849e-005	
4.66312783e-001	3.01646650e-005	
4.70975910e-001	3.02533219e-005	
4.75639038e-001	3.03420549e-005	
4.80302166e-001	3.04308633e-005	
4.84965294e-001	3.05197464e-005	
4.89628422e-001	3.06087036e-005	
4.94291550e-001	3.06977343e-005	
4.98954677e-001	3.07868378e-005	
5.03617805e-001	3.08760135e-005	
5.08280933e-001	3.09652607e-005	
5.12944061e-001	3.10545789e-005	
5.17607189e-001	3.11439674e-005	
5.22270317e-001	3.12334257e-005	
5.26933444e-001	3.13229531e-005	
5.31596572e-001	3.14125491e-005	
5.36259700e-001	3.15022130e-005	
5.40922828e-001	3.15919443e-005	
5.45585956e-001	3.16818744e-005	
5.50249084e-001	3.18856260e-005	
5.54912211e-001	3.20897026e-005	
5.59575339e-001	3.22940981e-005	
5.64238467e-001	3.24988064e-005	
5.68901595e-001	3.27038216e-005	
5.73564723e-001	3.29091381e-005	
5.78227851e-001	3.31147502e-005	
5.82890978e-001	3.33206524e-005	
5.87554106e-001	3.35268394e-005	
5.92217234e-001	3.37333060e-005	
5.96880362e-001	3.39400471e-005	
6.01543490e-001	3.41470576e-005	
6.06206617e-001	3.43543328e-005	
6.10869745e-001	3.45618678e-005	
6.15532873e-001	3.47696581e-005	
6.20196001e-001	3.49776990e-005	
6.24859129e-001	3.51859861e-005	
6.29522257e-001	3.53945150e-005	
6.34185384e-001	3.56032816e-005	
6.38848512e-001	3.58122816e-005	
6.43511640e-001	3.60215110e-005	
6.48174768e-001	3.62309659e-005	
6.52837896e-001	3.64406422e-005	
6.57501024e-001	3.66505363e-005	
6.62164151e-001	3.68606444e-005	
6.66827279e-001	3.70709629e-005	
6.71490407e-001	3.72814882e-005	
6.76153535e-001	3.74922168e-005	
6.80816663e-001	3.77031454e-005	
6.85479791e-001	3.79142705e-005	
6.90142918e-001	3.81255889e-005	
6.94806046e-001	3.83370975e-005	
6.99469174e-001	3.85487930e-005	
7.04132302e-001	3.85341031e-005	
7.08795430e-001	3.83573753e-005	
7.13458557e-001	3.81807751e-005	
7.18121685e-001	3.80043045e-005	
7.22784813e-001	3.78279652e-005	
7.27447941e-001	3.76517591e-005	
7.32111069e-001	3.74756881e-005	
7.36774197e-001	3.72997539e-005	
7.41437324e-001	3.71239977e-005	
7.46100452e-001	3.69490927e-005	
7.50763580e-001	3.67742194e-005	
7.55426708e-001	3.65993784e-005	
7.60089836e-001	3.64245700e-005	
7.64752964e-001	3.62497948e-005	
7.69416091e-001	3.60750533e-005	
7.74079219e-001	3.59003458e-005	
7.78742347e-001	3.57256730e-005	
7.83405475e-001	3.55510353e-005	
7.88068603e-001	3.53764333e-005	
7.92731731e-001	3.52018674e-005	
7.97394858e-001	3.50273383e-005	
8.02057986e-001	3.48528465e-005	
8.06721114e-001	3.46783925e-005	
8.11384242e-001	3.45039769e-005	
8.16047370e-001	3.43296004e-005	
8.20710498e-001	3.41552634e-005	
8.25373625e-001	3.39809666e-005	
8.30036753e-001	3.38067107e-005	
8.34699881e-001	3.36324962e-005	
8.39363009e-001	3.34583239e-005	
8.44026137e-001	3.32841943e-005	
8.48689264e-001	3.31101082e-005	
8.53352392e-001	3.29360662e-005	
8.58015520e-001	3.27620690e-005	
8.62678648e-001	3.25881175e-005	
8.67341776e-001	3.24142122e-005	
8.72004904e-001	3.22403539e-005	
8.76668031e-001	3.20665435e-005	
8.81331159e-001	3.18927816e-005	
8.85994287e-001	3.14698488e-005	
8.90657415e-001	3.10290216e-005	
8.95320543e-001	3.05884780e-005	
8.99983671e-001	3.01482307e-005	
9.04646798e-001	2.97082927e-005	
9.09309926e-001	2.92686781e-005	
9.13973054e-001	2.88294015e-005	
9.18636182e-001	2.83904787e-005	
9.23299310e-001	2.79519264e-005	
9.27962438e-001	2.75137622e-005	
9.32625565e-001	2.70760051e-005	
9.37288693e-001	2.66386750e-005	
9.41951821e-001	2.62017934e-005	
9.46614949e-001	2.57653831e-005	
9.51278077e-001	2.53294684e-005	
9.55941204e-001	2.48940754e-005	
9.60604332e-001	2.44592319e-005	
9.65267460e-001	2.40249678e-005	
9.69930588e-001	2.35913151e-005	
9.74593716e-001	2.31583081e-005	
9.79256844e-001	2.27259837e-005	
9.83919971e-001	2.22943816e-005	
9.88583099e-001	2.18635447e-005	
9.93246227e-001	2.14335190e-005	
9.97909355e-001	2.10043543e-005	
1.00257248e+000	2.05761046e-005	
1.00723561e+000	2.01488283e-005	
1.01189874e+000	1.97225884e-005	
1.01656187e+000	1.92974539e-005	
1.02122499e+000	1.88734992e-005	
1.02588812e+000	1.84508058e-005	
1.03055125e+000	1.80294624e-005	
1.03521438e+000	1.76099310e-005	
1.03987751e+000	1.72415339e-005	
1.04454063e+000	1.68792954e-005	
1.04920376e+000	1.65236207e-005	
1.05386689e+000	1.61749427e-005	
1.05853002e+000	1.58337237e-005	
1.06319314e+000	1.55004563e-005	
1.06785627e+000	1.51756643e-005	
1.07251940e+000	1.48599035e-005	
1.07718253e+000	1.45537618e-005	
1.08184566e+000	1.42578587e-005	
1.08650878e+000	1.39728448e-005	
1.09117191e+000	1.36993997e-005	
1.09583504e+000	1.34382296e-005	
1.10049817e+000	1.31900638e-005	
1.10516129e+000	1.29556495e-005	
1.10982442e+000	1.28573682e-005	
1.11448755e+000	1.28156284e-005	
1.11915068e+000	1.27744548e-005	
1.12381381e+000	1.27338531e-005	
1.12847693e+000	1.26938286e-005	
1.13314006e+000	1.26543869e-005	
1.13780319e+000	1.26155335e-005	
1.14246632e+000	1.25772737e-005	
1.14712945e+000	1.25396131e-005	
1.15179257e+000	1.25025569e-005	
1.15645570e+000	1.24661107e-005	
1.16111883e+000	1.24302798e-005	
1.16578196e+000	1.23950695e-005	
1.17044508e+000	1.23604852e-005	
1.17510821e+000	1.23265320e-005	
1.17977134e+000	1.22932153e-005	
1.18443447e+000	1.22605401e-005	
1.18909760e+000	1.22285117e-005	
1.19376072e+000	1.21971352e-005	
1.19842385e+000	1.21664156e-005	
1.20308698e+000	1.21363579e-005	
1.20775011e+000	1.21069669e-005	
1.21241323e+000	1.20782477e-005	
1.21707636e+000	1.20502049e-005	
1.22173949e+000	1.20228433e-005	
1.22640262e+000	1.19961677e-005	
1.23106575e+000	1.19701825e-005	
1.23572887e+000	1.19448922e-005	
1.24039200e+000	1.19203014e-005	
1.24505513e+000	1.18964143e-005	
1.24971826e+000	1.18732351e-005	
1.25438139e+000	1.18507681e-005	
1.25904451e+000	1.18290173e-005	
1.26370764e+000	1.18079866e-005	
1.26837077e+000	1.17876799e-005	
1.27303390e+000	1.17681010e-005	
1.27769702e+000	1.16661497e-005	
1.28236015e+000	1.15502729e-005	
1.28702328e+000	1.14346689e-005	
1.29168641e+000	1.13193461e-005	
1.29634954e+000	1.12676159e-005	
1.30101266e+000	1.13057967e-005	
1.30567579e+000	1.13490046e-005	
1.31033892e+000	1.13971822e-005	
1.31500205e+000	1.14502671e-005	
1.31966517e+000	1.15081911e-005	
1.32432830e+000	1.15708817e-005	
1.32899143e+000	1.16382618e-005	
1.33365456e+000	1.17102505e-005	
1.33831769e+000	1.17481461e-005	
1.34298081e+000	1.16492852e-005	
1.34764394e+000	1.15661270e-005	
1.35230707e+000	1.14990121e-005	
1.35697020e+000	1.14482227e-005	
1.36163333e+000	1.14139768e-005	
1.36629645e+000	1.13964235e-005	
1.37095958e+000	1.13956398e-005	
1.37562271e+000	1.14116294e-005	
1.38028584e+000	1.14443218e-005	
1.38494896e+000	1.14935746e-005	
1.38961209e+000	1.15591760e-005	
1.39427522e+000	1.16408497e-005	
1.39893835e+000	1.17382601e-005	
1.40360148e+000	1.18510193e-005	
1.40826460e+000	1.19786938e-005	
1.41292773e+000	1.21208123e-005	
1.41759086e+000	1.22768731e-005	
1.42225399e+000	1.24463519e-005	
1.42691711e+000	1.26287084e-005	
1.43158024e+000	1.28233932e-005	
1.43624337e+000	1.30298538e-005	
1.44090650e+000	1.32475396e-005	
1.44556963e+000	1.34759066e-005	
1.45023275e+000	1.37144213e-005	
1.45489588e+000	1.39625636e-005	
1.45955901e+000	1.42198295e-005	
1.46422214e+000	1.44857329e-005	
1.46888527e+000	1.47598070e-005	
1.47354839e+000	1.50416052e-005	
1.47821152e+000	1.53307015e-005	
1.48287465e+000	1.56266909e-005	
1.48753778e+000	1.59291892e-005	
1.49220090e+000	1.62378325e-005	
1.49686403e+000	1.65522772e-005	
1.50152716e+000	1.68572489e-005	
1.50619029e+000	1.71474550e-005	
1.51085342e+000	1.74409156e-005	
1.51551654e+000	1.77374692e-005	
1.52017967e+000	1.80369631e-005	
1.52484280e+000	1.83392533e-005	
1.52950593e+000	1.86442039e-005	
1.53416905e+000	1.89516863e-005	
1.53883218e+000	1.92615793e-005	
1.54349531e+000	1.95737685e-005	
1.54815844e+000	1.98881457e-005	
1.55282157e+000	2.02046088e-005	
1.55748469e+000	2.05230613e-005	
1.56214782e+000	2.08434119e-005	
1.56681095e+000	2.11655746e-005	
1.57147408e+000	2.14894678e-005	
1.57613721e+000	2.18150144e-005	
1.58080033e+000	2.21421415e-005	
1.58546346e+000	2.24707801e-005	
1.59012659e+000	2.28008648e-005	
1.59478972e+000	2.31323338e-005	
1.59945284e+000	2.34651283e-005	
1.60411597e+000	2.37991927e-005	
1.60877910e+000	2.41344744e-005	
1.61344223e+000	2.44709232e-005	
1.61810536e+000	2.48084918e-005	
1.62276848e+000	2.51948007e-005	
1.62743161e+000	2.56269591e-005	
1.63209474e+000	2.60620901e-005	
1.63675787e+000	2.65000474e-005	
1.64142100e+000	2.69406932e-005	
1.64608412e+000	2.73838976e-005	
1.65074725e+000	2.78295383e-005	
1.65541038e+000	2.82775003e-005	
1.66007351e+000	2.87276748e-005	
1.66473663e+000	2.91684072e-005	
1.66939976e+000	2.92510343e-005	
1.67406289e+000	2.93349786e-005	
1.67872602e+000	2.94202289e-005	
1.68338915e+000	2.95067737e-005	
1.68805227e+000	2.95946018e-005	
1.69271540e+000	2.96837018e-005	
1.69737853e+000	2.97740622e-005	
1.70204166e+000	2.98656716e-005	
1.70670478e+000	2.99585185e-005	
1.71136791e+000	3.00525915e-005	
1.71603104e+000	3.01478791e-005	
1.72069417e+000	3.02443699e-005	
1.72535730e+000	3.03420522e-005	
1.73002042e+000	3.04409147e-005	
1.73468355e+000	3.05409460e-005	
1.73934668e+000	3.06421345e-005	
1.74400981e+000	3.07444688e-005	
1.74867294e+000	3.08479375e-005	
1.75333606e+000	3.09525293e-005	
1.75799919e+000	3.10582329e-005	
1.76266232e+000	3.11650368e-005	
1.76732545e+000	3.12729298e-005	
1.77198857e+000	3.13819007e-005	
1.77665170e+000	3.18667149e-005	
1.78131483e+000	3.27031056e-005	
1.78597796e+000	3.35399284e-005	
1.79064109e+000	3.43771518e-005	
1.79530421e+000	3.48892826e-005	
1.79996734e+000	3.54439728e-005	
1.80463047e+000	3.60430156e-005	
1.80929360e+000	3.66842382e-005	
1.81395672e+000	3.72711025e-005	
1.81861985e+000	3.77226957e-005	
1.82328298e+000	3.81852576e-005	
1.82794611e+000	3.86583944e-005	
1.83260924e+000	3.91417227e-005	
1.83727236e+000	3.96348696e-005	
1.84193549e+000	4.01374731e-005	
1.84659862e+000	4.06491826e-005	
1.85126175e+000	4.11696585e-005	
1.85592488e+000	4.16985725e-005	
1.86058800e+000	4.22356076e-005	
1.86525113e+000	4.27804580e-005	
1.86991426e+000	4.33328289e-005	
1.87457739e+000	4.38924363e-005	
1.87924051e+000	4.32994593e-005	
1.88390364e+000	4.09774177e-005	
1.88856677e+000	3.86765106e-005	
1.89322990e+000	3.64007463e-005	
1.89789303e+000	3.41551506e-005	
1.90255615e+000	3.19460864e-005	
1.90721928e+000	2.84150632e-005	
1.91188241e+000	2.36103509e-005	
1.91654554e+000	1.91771821e-005	
1.92120866e+000	1.54390008e-005	
1.92587179e+000	1.00778250e-005	
1.93053492e+000	8.58249260e-006	
1.93519805e+000	1.38822774e-005	
1.93986118e+000	2.14181674e-005	
1.94452430e+000	2.95249045e-005	
1.94918743e+000	3.42541400e-005	
1.95385056e+000	3.60910699e-005	
1.95851369e+000	3.79539382e-005	
1.96317682e+000	3.98391063e-005	
1.96783994e+000	4.17435532e-005	
1.97250307e+000	4.36647564e-005	
1.97716620e+000	4.56005981e-005	
1.98182933e+000	4.72492727e-005	
1.98649245e+000	4.76007563e-005	
1.99115558e+000	4.49359926e+002	
1.99581871e+000	4.49321607e+002	
2.00048184e+000	4.49025628e+002	
2.00514497e+000	4.48593569e+002	
2.00980809e+000	4.48161517e+002	
2.01447122e+000	4.47729471e+002	
2.01913435e+000	4.47297433e+002	
2.02379748e+000	4.46412179e+002	
2.02846060e+000	4.45249797e+002	
2.03312373e+000	4.44087671e+002	
2.03778686e+000	4.42925802e+002	
2.04244999e+000	4.41764194e+002	
2.04711312e+000	4.40602847e+002	
2.05177624e+000	4.39275472e+002	
2.05643937e+000	4.37938000e+002	
2.06110250e+000	4.36616543e+002	
2.06576563e+000	4.35475340e+002	
2.07042876e+000	4.34440900e+002	
2.07509188e+000	4.33406712e+002	
2.07975501e+000	4.32372778e+002	
2.08441814e+000	4.31339100e+002	
2.08908127e+000	4.30305679e+002	
2.09374439e+000	4.29272519e+002	
2.09840752e+000	4.28239619e+002	
2.10307065e+000	4.26975722e+002	
2.10773378e+000	4.25630589e+002	
2.11239691e+000	4.24285500e+002	
2.11706003e+000	4.22940457e+002	
2.12172316e+000	4.21595459e+002	
2.12638629e+000	4.20587620e+002	
2.13104942e+000	4.19881629e+002	
2.13571254e+000	4.19175642e+002	
2.14037567e+000	4.18469658e+002	
2.14503880e+000	4.17763678e+002	
2.14970193e+000	4.17057701e+002	
2.15436506e+000	4.16351727e+002	
2.15902818e+000	4.15645756e+002	
2.16369131e+000	4.14939789e+002	
2.16835444e+000	4.14233825e+002	
2.17301757e+000	4.13527865e+002	
2.17768070e+000	4.12821908e+002	
2.18234382e+000	4.12115954e+002	
2.18700695e+000	4.11410004e+002	
2.19167008e+000	4.10704058e+002	
2.19633321e+000	4.09998115e+002	
2.20099633e+000	4.09292175e+002	
2.20565946e+000	4.08586239e+002	
2.21032259e+000	4.07880306e+002	
2.21498572e+000	4.07174377e+002	
2.21964885e+000	4.06352146e+002	
2.22431197e+000	4.05511180e+002	
2.22897510e+000	4.04703345e+002	
2.23363823e+000	4.04027272e+002	
2.23830136e+000	4.03351311e+002	
2.24296448e+000	4.02652176e+002	
2.24762761e+000	4.01899382e+002	
2.25229074e+000	4.01146596e+002	
2.25695387e+000	4.00393817e+002	
2.26161700e+000	3.99641046e+002	
2.26628012e+000	3.98888283e+002	
2.27094325e+000	3.98135528e+002	
2.27560638e+000	3.97382780e+002	
2.28026951e+000	3.96630041e+002	
2.28493264e+000	3.95877310e+002	
2.28959576e+000	3.95124587e+002	
2.29425889e+000	3.94371871e+002	
2.29892202e+000	3.93619164e+002	
2.30358515e+000	3.92866466e+002	
2.30824827e+000	3.92113775e+002	
2.31291140e+000	3.91361093e+002	
2.31757453e+000	3.90608419e+002	
2.32223766e+000	3.89855753e+002	
2.32690079e+000	3.89103096e+002	
2.33156391e+000	3.88350448e+002	
2.33622704e+000	3.87597807e+002	
2.34089017e+000	3.86845176e+002	
2.34555330e+000	3.86092553e+002	
2.35021642e+000	3.85339939e+002	
2.35487955e+000	3.84587333e+002	
2.35954268e+000	3.83834737e+002	
2.36420581e+000	3.83082149e+002	
2.36886894e+000	3.82360928e+002	
2.37353206e+000	3.81729711e+002	
2.37819519e+000	3.81098525e+002	
2.38285832e+000	3.80467371e+002	
2.38752145e+000	3.79836248e+002	
2.39218458e+000	3.79205156e+002	
2.39684770e+000	3.78574096e+002	
2.40151083e+000	3.77943068e+002	
2.40617396e+000	3.77312072e+002	
2.41083709e+000	3.76681108e+002	
2.41550021e+000	3.76050176e+002	
2.42016334e+000	3.75272110e+002	
2.42482647e+000	3.74474370e+002	
2.42948960e+000	3.73676646e+002	
2.43415273e+000	3.72878938e+002	
2.43881585e+000	3.72081247e+002	
2.44347898e+000	3.71283572e+002	
2.44814211e+000	3.70485913e+002	
2.45280524e+000	3.69688271e+002	
2.45746836e+000	3.68890646e+002	
2.46213149e+000	3.68093038e+002	
2.46679462e+000	3.67295446e+002	
2.47145775e+000	3.66497872e+002	
2.47612088e+000	3.65700315e+002	
2.48078400e+000	3.64902775e+002	
2.48544713e+000	3.64105252e+002	
2.49011026e+000	3.63307747e+002	
2.49477339e+000	3.62493468e+002	
2.49943652e+000	3.61592153e+002	
2.50409964e+000	3.60690853e+002	
2.50876277e+000	3.59789567e+002	
2.51342590e+000	3.58888295e+002	
2.51808903e+000	3.57987038e+002	
2.52275215e+000	3.57085795e+002	
2.52741528e+000	3.56184568e+002	
2.53207841e+000	3.55283355e+002	
2.53674154e+000	3.54382156e+002	
2.54140467e+000	3.53480973e+002	
2.54606779e+000	3.52579806e+002	
2.55073092e+000	3.51678653e+002	
2.55539405e+000	3.50777516e+002	
2.56005718e+000	3.50008867e+002	
2.56472030e+000	3.49274471e+002	
2.56938343e+000	3.48540078e+002	
2.57404656e+000	3.47805688e+002	
2.57870969e+000	3.47071300e+002	
2.58337282e+000	3.46336915e+002	
2.58803594e+000	3.45602532e+002	
2.59269907e+000	3.44868153e+002	
2.59736220e+000	3.44133776e+002	
2.60202533e+000	3.43399402e+002	
2.60668846e+000	3.42665030e+002	
2.61135158e+000	3.41930662e+002	
2.61601471e+000	3.41196296e+002	
2.62067784e+000	3.40461933e+002	
2.62534097e+000	3.39727574e+002	
2.63000409e+000	3.38993217e+002	
2.63466722e+000	3.38258863e+002	
2.63933035e+000	3.37524511e+002	
2.64399348e+000	3.36790163e+002	
2.64865661e+000	3.36055818e+002	
2.65331973e+000	3.35321476e+002	
2.65798286e+000	3.34587137e+002	
2.66264599e+000	3.33852800e+002	
2.66730912e+000	3.33291573e+002	
2.67197224e+000	3.32864694e+002	
2.67663537e+000	3.32437815e+002	
2.68129850e+000	3.32010936e+002	
2.68596163e+000	3.31584058e+002	
2.69062476e+000	3.31157180e+002	
2.69528788e+000	3.30730302e+002	
2.69995101e+000	3.30303425e+002	
2.70461414e+000	3.29876549e+002	
2.70927727e+000	3.29449672e+002	
2.71394040e+000	3.29022797e+002	
2.71860352e+000	3.28595921e+002	
2.72326665e+000	3.28169046e+002	
2.72792978e+000	3.27742171e+002	
2.73259291e+000	3.27315297e+002	
2.73725603e+000	3.26888423e+002	
2.74191916e+000	3.26461550e+002	
2.74658229e+000	3.26034677e+002	
2.75124542e+000	3.25607804e+002	
2.75590855e+000	3.25180932e+002	
2.76057167e+000	3.24826296e+002	
2.76523480e+000	3.24495680e+002	
2.76989793e+000	3.24165066e+002	
2.77456106e+000	3.23834452e+002	
2.77922418e+000	3.23503839e+002	
2.78388731e+000	3.23173226e+002	
2.78855044e+000	3.22842615e+002	
2.79321357e+000	3.22512004e+002	
2.79787670e+000	3.22181393e+002	
2.80253982e+000	3.21850784e+002	
2.80720295e+000	3.21520175e+002	
2.81186608e+000	3.21189567e+002	
2.81652921e+000	3.20858959e+002	
2.82119234e+000	3.20528353e+002	
2.82585546e+000	3.20197747e+002	
2.83051859e+000	3.19867142e+002	
2.83518172e+000	3.19536537e+002	
2.83984485e+000	3.19205934e+002	
2.84450797e+000	3.18875331e+002	
2.84917110e+000	3.18544729e+002	
2.85383423e+000	3.18214127e+002	
2.85849736e+000	3.17883527e+002	
2.86316049e+000	3.17552927e+002	
2.86782361e+000	3.17222328e+002	
2.87248674e+000	3.16891729e+002	
2.87714987e+000	3.16561132e+002	
2.88181300e+000	3.16230535e+002	
2.88647612e+000	3.15899939e+002	
2.89113925e+000	3.15569343e+002	
2.89580238e+000	3.15238749e+002	
2.90046551e+000	3.14908155e+002	
2.90512864e+000	3.14577562e+002	
2.90979176e+000	3.14246970e+002	
2.91445489e+000	3.13916378e+002	
2.91911802e+000	3.13585788e+002	
2.92378115e+000	3.13255198e+002	
2.92844428e+000	3.12924609e+002	
2.93310740e+000	3.12594021e+002	
2.93777053e+000	3.12263433e+002	
2.94243366e+000	3.11932846e+002	
2.94709679e+000	3.11602260e+002	
2.95175991e+000	3.11271675e+002	
2.95642304e+000	3.10941091e+002	
2.96108617e+000	3.10434899e+002	
2.96574930e+000	3.09897511e+002	
2.97041243e+000	3.09360165e+002	
2.97507555e+000	3.08822860e+002	
2.97973868e+000	3.08285598e+002	
2.98440181e+000	3.07748377e+002	
2.98906494e+000	3.07211199e+002	
2.99372806e+000	3.06677006e+002	
2.99839119e+000	3.06150596e+002	
3.00305432e+000	3.05624196e+002	
3.00771745e+000	3.05097804e+002	
3.01238058e+000	3.04571423e+002	
3.01704370e+000	3.04045051e+002	
3.02170683e+000	3.03518689e+002	
3.02636996e+000	3.02992336e+002	
3.03103309e+000	3.02465993e+002	
3.03569622e+000	3.01939660e+002	
3.04035934e+000	3.01413336e+002	
3.04502247e+000	3.00887023e+002	
3.04968560e+000	3.00360719e+002	
3.05434873e+000	2.99834426e+002	
3.05901185e+000	2.99308142e+002	
3.06367498e+000	2.98670793e+002	
3.06833811e+000	2.98018844e+002	
3.07300124e+000	2.97366895e+002	
3.07766437e+000	2.96714946e+002	
3.08232749e+000	2.96062999e+002	
3.08699062e+000	2.95411052e+002	
3.09165375e+000	2.94759105e+002	
3.09631688e+000	2.94107159e+002	
3.10098000e+000	2.93455214e+002	
3.10564313e+000	2.92803269e+002	
3.11030626e+000	2.92151325e+002	
3.11496939e+000	2.91499381e+002	
3.11963252e+000	2.90847438e+002	
3.12429564e+000	2.90195496e+002	
3.12895877e+000	2.89543554e+002	
3.13362190e+000	2.88891613e+002	
3.13828503e+000	2.88239672e+002	
3.14294816e+000	2.87587732e+002	
3.14761128e+000	2.86935793e+002	
3.15227441e+000	2.86283854e+002	
3.15693754e+000	2.85631916e+002	
3.16160067e+000	2.84979979e+002	
3.16626379e+000	2.84328042e+002	
3.17092692e+000	2.83676106e+002	
3.17559005e+000	2.83024171e+002	
3.18025318e+000	2.82372236e+002	
3.18491631e+000	2.81875054e+002	
3.18957943e+000	2.81651255e+002	
3.19424256e+000	2.81427522e+002	
3.19890569e+000	2.81203855e+002	
3.20356882e+000	2.80980254e+002	
3.20823194e+000	2.80756719e+002	
3.21289507e+000	2.80533249e+002	
3.21755820e+000	2.80309847e+002	
3.22222133e+000	2.80086511e+002	
3.22688446e+000	2.79863241e+002	
3.23154758e+000	2.79640039e+002	
3.23621071e+000	2.79416903e+002	
3.24087384e+000	2.79193835e+002	
3.24553697e+000	2.78970834e+002	
3.25020010e+000	2.78747900e+002	
3.25486322e+000	2.78525034e+002	
3.25952635e+000	2.78302236e+002	
3.26418948e+000	2.78079506e+002	
3.26885261e+000	2.77856844e+002	
3.27351573e+000	2.77634251e+002	
3.27817886e+000	2.77391829e+002	
3.28284199e+000	2.77081489e+002	
3.28750512e+000	2.76771164e+002	
3.29216825e+000	2.76460854e+002	
3.29683137e+000	2.76150558e+002	
3.30149450e+000	2.75840277e+002	
3.30615763e+000	2.75530010e+002	
3.31082076e+000	2.75219759e+002	
3.31548388e+000	2.74909522e+002	
3.32014701e+000	2.74599301e+002	
3.32481014e+000	2.74289094e+002	
3.32947327e+000	2.73978903e+002	
3.33413640e+000	2.73668727e+002	
3.33879952e+000	2.73358565e+002	
3.34346265e+000	2.73048419e+002	
3.34812578e+000	2.72738289e+002	
3.35278891e+000	2.72428173e+002	
3.35745204e+000	2.72118073e+002	
3.36211516e+000	2.71807989e+002	
3.36677829e+000	2.71497920e+002	
3.37144142e+000	2.71187866e+002	
3.37610455e+000	2.70877828e+002	
3.38076767e+000	2.70567806e+002	
3.38543080e+000	2.70257799e+002	
3.39009393e+000	2.69947808e+002	
3.39475706e+000	2.69637833e+002	
3.39942019e+000	2.69327874e+002	
3.40408331e+000	2.69017931e+002	
3.40874644e+000	2.68708004e+002	
3.41340957e+000	2.68398092e+002	
3.41807270e+000	2.68088197e+002	
3.42273582e+000	2.67778318e+002	
3.42739895e+000	2.67468455e+002	
3.43206208e+000	2.67158608e+002	
3.43672521e+000	2.66848778e+002	
3.44138834e+000	2.66538964e+002	
3.44605146e+000	2.66229166e+002	
3.45071459e+000	2.65831355e+002	
3.45537772e+000	2.65413751e+002	
3.46004085e+000	2.64996189e+002	
3.46470398e+000	2.64578669e+002	
3.46936710e+000	2.64161192e+002	
3.47403023e+000	2.63743757e+002	
3.47869336e+000	2.63326365e+002	
3.48335649e+000	2.62909016e+002	
3.48801961e+000	2.62491710e+002	
3.49268274e+000	2.62074447e+002	
3.49734587e+000	2.61657229e+002	
3.50200900e+000	2.61240054e+002	
3.50667213e+000	2.60822923e+002	
3.51133525e+000	2.60405836e+002	
3.51599838e+000	2.59988794e+002	
3.52066151e+000	2.59571797e+002	
3.52532464e+000	2.59154844e+002	
3.52998776e+000	2.58737937e+002	
3.53465089e+000	2.58321075e+002	
3.53931402e+000	2.57904258e+002	
3.54397715e+000	2.57487488e+002	
3.54864028e+000	2.57070763e+002	
3.55330340e+000	2.56654085e+002	
3.55796653e+000	2.56237453e+002	
3.56262966e+000	2.55820868e+002	
3.56729279e+000	2.55404329e+002	
3.57195592e+000	2.54987838e+002	
3.57661904e+000	2.54571394e+002	
3.58128217e+000	2.54154998e+002	
3.58594530e+000	2.53738650e+002	
3.59060843e+000	2.53322349e+002	
3.59527155e+000	2.52906097e+002	
3.59993468e+000	2.52489894e+002	
3.60459781e+000	2.52073739e+002	
3.60926094e+000	2.51657634e+002	
3.61392407e+000	2.51241578e+002	
3.61858719e+000	2.50825571e+002	
3.62325032e+000	2.50463452e+002	
3.62791345e+000	2.50103258e+002	
3.63257658e+000	2.49743069e+002	
3.63723970e+000	2.49382886e+002	
3.64190283e+000	2.49022708e+002	
3.64656596e+000	2.48662537e+002	
3.65122909e+000	2.48302371e+002	
3.65589222e+000	2.47940182e+002	
3.66055534e+000	2.47574954e+002	
3.66521847e+000	2.47209735e+002	
3.66988160e+000	2.46844525e+002	
3.67454473e+000	2.46479324e+002	
3.67920786e+000	2.46114132e+002	
3.68387098e+000	2.45748950e+002	
3.68853411e+000	2.45383777e+002	
3.69319724e+000	2.45034109e+002	
3.69786037e+000	2.44709836e+002	
3.70252349e+000	2.44385578e+002	
3.70718662e+000	2.44061336e+002	
3.71184975e+000	2.43737110e+002	
3.71651288e+000	2.43412900e+002	
3.72117601e+000	2.43088705e+002	
3.72583913e+000	2.42764526e+002	
3.73050226e+000	2.42440364e+002	
3.73516539e+000	2.42116217e+002	
3.73982852e+000	2.41792086e+002	
3.74449164e+000	2.41467972e+002	
3.74915477e+000	2.41143874e+002	
3.75381790e+000	2.40819792e+002	
3.75848103e+000	2.40495726e+002	
3.76314416e+000	2.40171677e+002	
3.76780728e+000	2.39847644e+002	
3.77247041e+000	2.39523628e+002	
3.77713354e+000	2.39199629e+002	
3.78179667e+000	2.38875646e+002	
3.78645980e+000	2.38551680e+002	
3.79112292e+000	2.38227731e+002	
3.79578605e+000	2.37903798e+002	
3.80044918e+000	2.37579883e+002	
3.80511231e+000	2.37255984e+002	
3.80977543e+000	2.36932103e+002	
3.81443856e+000	2.36608239e+002	
3.81910169e+000	2.36284392e+002	
3.82376482e+000	2.35960563e+002	
3.82842795e+000	2.35636751e+002	
3.83309107e+000	2.35312956e+002	
3.83775420e+000	2.34989179e+002	
3.84241733e+000	2.34665419e+002	
3.84708046e+000	2.34341677e+002	
3.85174358e+000	2.34017953e+002	
3.85640671e+000	2.33734109e+002	
3.86106984e+000	2.33539333e+002	
3.86573297e+000	2.33344562e+002	
3.87039610e+000	2.33149797e+002	
3.87505922e+000	2.32955036e+002	
3.87972235e+000	2.32760281e+002	
3.88438548e+000	2.32565531e+002	
3.88904861e+000	2.32370786e+002	
3.89371174e+000	2.32176046e+002	
3.89837486e+000	2.31981311e+002	
3.90303799e+000	2.31786582e+002	
3.90770112e+000	2.31591858e+002	
3.91236425e+000	2.31397139e+002	
3.91702737e+000	2.31202426e+002	
3.92169050e+000	2.31007718e+002	
3.92635363e+000	2.30813015e+002	
3.93101676e+000	2.30618317e+002	
3.93567989e+000	2.30423625e+002	
3.94034301e+000	2.30228938e+002	
3.94500614e+000	2.30034257e+002	
3.94966927e+000	2.29839581e+002	
3.95433240e+000	2.29644910e+002	
3.95899552e+000	2.29450245e+002	
3.96365865e+000	2.29255585e+002	
3.96832178e+000	2.29060930e+002	
3.97298491e+000	2.28866281e+002	
3.97764804e+000	2.28671638e+002	
3.98231116e+000	2.28476999e+002	
3.98697429e+000	2.28282367e+002	
3.99163742e+000	2.28087740e+002	
3.99630055e+000	2.27893118e+002	
4.00096368e+000	2.27698502e+002	
4.00562680e+000	2.27503892e+002	
4.01028993e+000	2.27309287e+002	
4.01495306e+000	2.27114687e+002	
4.01961619e+000	2.26920093e+002	
4.02427931e+000	2.26725505e+002	
4.02894244e+000	2.26530923e+002	
4.03360557e+000	2.26336346e+002	
4.03826870e+000	2.26101030e+002	
4.04293183e+000	2.25842092e+002	
4.04759495e+000	2.25583158e+002	
4.05225808e+000	2.25324228e+002	
4.05692121e+000	2.25065302e+002	
4.06158434e+000	2.24806381e+002	
4.06624746e+000	2.24547464e+002	
4.07091059e+000	2.24301732e+002	
4.07557372e+000	2.24059563e+002	
4.08023685e+000	2.23817397e+002	
4.08489998e+000	2.23575234e+002	
4.08956310e+000	2.23333073e+002	
4.09422623e+000	2.23090914e+002	
4.09888936e+000	2.22848757e+002	
4.10355249e+000	2.22606603e+002	
4.10821562e+000	2.22364452e+002	
4.11287874e+000	2.22122303e+002	
4.11754187e+000	2.21859202e+002	
4.12220500e+000	2.21586115e+002	
4.12686813e+000	2.21313029e+002	
4.13153125e+000	2.21039943e+002	
4.13619438e+000	2.20766858e+002	
4.14085751e+000	2.20493774e+002	
4.14552064e+000	2.20220690e+002	
4.15018377e+000	2.19947608e+002	
4.15484689e+000	2.19674526e+002	
4.15951002e+000	2.19401445e+002	
4.16417315e+000	2.19128365e+002	
4.16883628e+000	2.18855286e+002	
4.17349940e+000	2.18582207e+002	
4.17816253e+000	2.18309130e+002	
4.18282566e+000	2.18036053e+002	
4.18748879e+000	2.17762977e+002	
4.19215192e+000	2.17489902e+002	
4.19681504e+000	2.17216827e+002	
4.20147817e+000	2.16943754e+002	
4.20614130e+000	2.16670681e+002	
4.21080443e+000	2.16397609e+002	
4.21546756e+000	2.16124538e+002	
4.22013068e+000	2.15851468e+002	
4.22479381e+000	2.15578399e+002	
4.22945694e+000	2.15305331e+002	
4.23412007e+000	2.15032263e+002	
4.23878319e+000	2.14759196e+002	
4.24344632e+000	2.14486131e+002	
4.24810945e+000	2.14213066e+002	
4.25277258e+000	2.13943924e+002	
4.25743571e+000	2.13677613e+002	
4.26209883e+000	2.13411309e+002	
4.26676196e+000	2.13145011e+002	
4.27142509e+000	2.12878719e+002	
4.27608822e+000	2.12612434e+002	
4.28075134e+000	2.12346155e+002	
4.28541447e+000	2.12079883e+002	
4.29007760e+000	2.11813617e+002	
4.29474073e+000	2.11547358e+002	
4.29940386e+000	2.11281105e+002	
4.30406698e+000	2.11014858e+002	
4.30873011e+000	2.10748619e+002	
4.31339324e+000	2.10482386e+002	
4.31805637e+000	2.10216159e+002	
4.32271950e+000	2.09949939e+002	
4.32738262e+000	2.09683726e+002	
4.33204575e+000	2.09417520e+002	
4.33670888e+000	2.09151320e+002	
4.34137201e+000	2.08885127e+002	
4.34603513e+000	2.08618941e+002	
4.35069826e+000	2.08352761e+002	
4.35536139e+000	2.08086589e+002	
4.36002452e+000	2.07820423e+002	
4.36468765e+000	2.07554264e+002	
4.36935077e+000	2.07288112e+002	
4.37401390e+000	2.07021017e+002	
4.37867703e+000	2.06746252e+002	
4.38334016e+000	2.06471516e+002	
4.38800328e+000	2.06196811e+002	
4.39266641e+000	2.05922136e+002	
4.39732954e+000	2.05647491e+002	
4.40199267e+000	2.05372877e+002	
4.40665580e+000	2.05098293e+002	
4.41131892e+000	2.04826907e+002	
4.41598205e+000	2.04602340e+002	
4.42064518e+000	2.04377774e+002	
4.42530831e+000	2.04153208e+002	
4.42997144e+000	2.03928643e+002	
4.43463456e+000	2.03704078e+002	
4.43929769e+000	2.03479514e+002	
4.44396082e+000	2.03254950e+002	
4.44862395e+000	2.03030387e+002	
4.45328707e+000	2.02805824e+002	
4.45795020e+000	2.02581261e+002	
4.46261333e+000	2.02356700e+002	
4.46727646e+000	2.02132138e+002	
4.47193959e+000	2.01907577e+002	
4.47660271e+000	2.01683016e+002	
4.48126584e+000	2.01458456e+002	
4.48592897e+000	2.01233897e+002	
4.49059210e+000	2.01009338e+002	
4.49525522e+000	2.00784779e+002	
4.49991835e+000	2.00560221e+002	
4.50458148e+000	2.00335663e+002	
4.50924461e+000	2.00111106e+002	
4.51390774e+000	1.99886549e+002	
4.51857086e+000	1.99661993e+002	
4.52323399e+000	1.99437437e+002	
4.52789712e+000	1.99212882e+002	
4.53256025e+000	1.98988327e+002	
4.53722338e+000	1.98763772e+002	
4.54188650e+000	1.98539219e+002	
4.54654963e+000	1.98314665e+002	
4.55121276e+000	1.98090112e+002	
4.55587589e+000	1.97865560e+002	
4.56053901e+000	1.97641008e+002	
4.56520214e+000	1.97416457e+002	
4.56986527e+000	1.97191906e+002	
4.57452840e+000	1.96967356e+002	
4.57919153e+000	1.96742806e+002	
4.58385465e+000	1.96518257e+002	
4.58851778e+000	1.96293708e+002	
4.59318091e+000	1.96077689e+002	
4.59784404e+000	1.95895973e+002	
4.60250716e+000	1.95714258e+002	
4.60717029e+000	1.95532546e+002	
4.61183342e+000	1.95350837e+002	
4.61649655e+000	1.95169130e+002	
4.62115968e+000	1.94987425e+002	
4.62582280e+000	1.94805723e+002	
4.63048593e+000	1.94624023e+002	
4.63514906e+000	1.94442326e+002	
4.63981219e+000	1.94260631e+002	
4.64447532e+000	1.94078939e+002	
4.64913844e+000	1.93897249e+002	
4.65380157e+000	1.93752054e+002	
4.65846470e+000	1.93609096e+002	
4.66312783e+000	1.93466174e+002	
4.66779095e+000	1.93323288e+002	
4.67245408e+000	1.93180437e+002	
4.67711721e+000	1.93037621e+002	
4.68178034e+000	1.92894841e+002	
4.68644347e+000	1.92752097e+002	
4.69110659e+000	1.92609389e+002	
4.69576972e+000	1.92466716e+002	
4.70043285e+000	1.92324079e+002	
4.70509598e+000	1.92181479e+002	
4.70975910e+000	1.92038914e+002	
4.71442223e+000	1.91896386e+002	
4.71908536e+000	1.91753894e+002	
4.72374849e+000	1.91611439e+002	
4.72841162e+000	1.91469019e+002	
4.73307474e+000	1.91326637e+002	
4.73773787e+000	1.91184291e+002	
4.74240100e+000	1.91041981e+002	
4.74706413e+000	1.90899709e+002	
4.75172726e+000	1.90757473e+002	
4.75639038e+000	1.90615274e+002	
4.76105351e+000	1.90473112e+002	
4.76571664e+000	1.90330987e+002	
4.77037977e+000	1.90188900e+002	
4.77504289e+000	1.90046850e+002	
4.77970602e+000	1.89904837e+002	
4.78436915e+000	1.89762861e+002	
4.78903228e+000	1.89620923e+002	
4.79369541e+000	1.89479023e+002	
4.79835853e+000	1.89337160e+002	
4.80302166e+000	1.89195335e+002	
4.80768479e+000	1.89053548e+002	
4.81234792e+000	1.88911799e+002	
4.81701104e+000	1.88770087e+002	
4.82167417e+000	1.88628414e+002	
4.82633730e+000	1.88486780e+002	
4.83100043e+000	1.88345183e+002	
4.83566356e+000	1.88203625e+002	
4.84032668e+000	1.88062105e+002	
4.84498981e+000	1.87920624e+002	
4.84965294e+000	1.87767139e+002	
4.85431607e+000	1.87593560e+002	
4.85897920e+000	1.87419986e+002	
4.86364232e+000	1.87246417e+002	
4.86830545e+000	1.87072952e+002	
4.87296858e+000	1.86900055e+002	
4.87763171e+000	1.86727164e+002	
4.88229483e+000	1.86554281e+002	
4.88695796e+000	1.86381405e+002	
4.89162109e+000	1.86208535e+002	
4.89628422e+000	1.86035672e+002	
4.90094735e+000	1.85862816e+002	
4.90561047e+000	1.85689968e+002	
4.91027360e+000	1.85517126e+002	
4.91493673e+000	1.85344291e+002	
4.91959986e+000	1.85171463e+002	
4.92426299e+000	1.84998642e+002	
4.92892611e+000	1.84825828e+002	
4.93358924e+000	1.84653021e+002	
4.93825237e+000	1.84480221e+002	
4.94291550e+000	1.84307429e+002	
4.94757862e+000	1.84134643e+002	
4.95224175e+000	1.83961865e+002	
4.95690488e+000	1.83789094e+002	
4.96156801e+000	1.83616330e+002	
4.96623114e+000	1.83443573e+002	
4.97089426e+000	1.83270823e+002	
4.97555739e+000	1.83098081e+002	
4.98022052e+000	1.82925346e+002	
4.98488365e+000	1.82752618e+002	
4.98954677e+000	1.82579897e+002	
4.99420990e+000	1.82407184e+002	
4.99887303e+000	1.82234478e+002	
5.00353616e+000	1.82061780e+002	
5.00819929e+000	1.81889088e+002	
5.01286241e+000	1.81716405e+002	
5.01752554e+000	1.81543728e+002	
5.02218867e+000	1.81371059e+002	
5.02685180e+000	1.81198398e+002	
5.03151493e+000	1.81025744e+002	
5.03617805e+000	1.80853098e+002	
5.04084118e+000	1.80680459e+002	
5.04550431e+000	1.80507828e+002	
5.05016744e+000	1.80335204e+002	
5.05483056e+000	1.80162588e+002	
5.05949369e+000	1.79989979e+002	
5.06415682e+000	1.79817378e+002	
5.06881995e+000	1.79644785e+002	
5.07348308e+000	1.79472200e+002	
5.07814620e+000	1.79299622e+002	
5.08280933e+000	1.79127052e+002	
5.08747246e+000	1.78954489e+002	
5.09213559e+000	1.78781935e+002	
5.09679871e+000	1.78609388e+002	
5.10146184e+000	1.78436849e+002	
5.10612497e+000	1.78264318e+002	
5.11078810e+000	1.78091795e+002	
5.11545123e+000	1.77919279e+002	
5.12011435e+000	1.77710996e+002	
5.12477748e+000	1.77487877e+002	
5.12944061e+000	1.77387495e+002	
5.13410374e+000	1.77290578e+002	
5.13876687e+000	1.77180291e+002	
5.14342999e+000	1.77026576e+002	
5.14809312e+000	1.76872862e+002	
5.15275625e+000	1.76719147e+002	
5.15741938e+000	1.76565432e+002	
5.16208250e+000	1.76411718e+002	
5.16674563e+000	1.76258003e+002	
5.17140876e+000	1.76104289e+002	
5.17607189e+000	1.75950574e+002	
5.18073502e+000	1.75796859e+002	
5.18539814e+000	1.75643145e+002	
5.19006127e+000	1.75489430e+002	
5.19472440e+000	1.75335715e+002	
5.19938753e+000	1.75182001e+002	
5.20405065e+000	1.75028286e+002	
5.20871378e+000	1.74874571e+002	
5.21337691e+000	1.74720857e+002	
5.21804004e+000	1.74567142e+002	
5.22270317e+000	1.74413427e+002	
5.22736629e+000	1.74259713e+002	
5.23202942e+000	1.74105998e+002	
5.23669255e+000	1.73952284e+002	
5.24135568e+000	1.73798569e+002	
5.24601881e+000	1.73644854e+002	
5.25068193e+000	1.73491140e+002	
5.25534506e+000	1.73337425e+002	
5.26000819e+000	1.73183711e+002	
5.26467132e+000	1.73029996e+002	
5.26933444e+000	1.72876281e+002	
5.27399757e+000	1.72722567e+002	
5.27866070e+000	1.72568852e+002	
5.28332383e+000	1.72415137e+002	
5.28798696e+000	1.72261423e+002	
5.29265008e+000	1.72107708e+002	
5.29731321e+000	1.71953994e+002	
5.30197634e+000	1.71800279e+002	
5.30663947e+000	1.71646564e+002	
5.31130259e+000	1.71492850e+002	
5.31596572e+000	1.71339135e+002	
5.32062885e+000	1.71185421e+002	
5.32529198e+000	1.71031706e+002	
5.32995511e+000	1.70877991e+002	
5.33461823e+000	1.70724277e+002	
5.33928136e+000	1.70569705e+002	
5.34394449e+000	1.70398635e+002	
5.34860762e+000	1.70227568e+002	
5.35327075e+000	1.70056505e+002	
5.35793387e+000	1.69885445e+002	
5.36259700e+000	1.69714388e+002	
5.36726013e+000	1.69543335e+002	
5.37192326e+000	1.69372284e+002	
5.37658638e+000	1.69201238e+002	
5.38124951e+000	1.69030194e+002	
5.38591264e+000	1.68859154e+002	
5.39057577e+000	1.68688117e+002	
5.39523890e+000	1.68517083e+002	
5.39990202e+000	1.68346053e+002	
5.40456515e+000	1.68175026e+002	
5.40922828e+000	1.68004002e+002	
5.41389141e+000	1.67832982e+002	
5.41855453e+000	1.67661965e+002	
5.42321766e+000	1.67490951e+002	
5.42788079e+000	1.67319941e+002	
5.43254392e+000	1.67148935e+002	
5.43720705e+000	1.66977932e+002	
5.44187017e+000	1.66806932e+002	
5.44653330e+000	1.66635935e+002	
5.45119643e+000	1.66464943e+002	
5.45585956e+000	1.66293827e+002	
5.46052269e+000	1.66122221e+002	
5.46518581e+000	1.65984970e+002	
5.46984894e+000	1.65858044e+002	
5.47451207e+000	1.65731123e+002	
5.47917520e+000	1.65604207e+002	
5.48383832e+000	1.65477297e+002	
5.48850145e+000	1.65350391e+002	
5.49316458e+000	1.65223490e+002	
5.49782771e+000	1.65096594e+002	
5.50249084e+000	1.64969704e+002	
5.50715396e+000	1.64842818e+002	
5.51181709e+000	1.64716243e+002	
5.51648022e+000	1.64593946e+002	
5.52114335e+000	1.64471651e+002	
5.52580647e+000	1.64349358e+002	
5.53046960e+000	1.64227067e+002	
5.53513273e+000	1.64104778e+002	
5.53979586e+000	1.63982492e+002	
5.54445899e+000	1.63860208e+002	
5.54912211e+000	1.63737926e+002	
5.55378524e+000	1.63615646e+002	
5.55844837e+000	1.63493368e+002	
5.56311150e+000	1.63371092e+002	
5.56777463e+000	1.63248819e+002	
5.57243775e+000	1.63126548e+002	
5.57710088e+000	1.63004279e+002	
5.58176401e+000	1.62882012e+002	
5.58642714e+000	1.62759748e+002	
5.59109026e+000	1.62637485e+002	
5.59575339e+000	1.62515225e+002	
5.60041652e+000	1.62392968e+002	
5.60507965e+000	1.62270712e+002	
5.60974278e+000	1.62148459e+002	
5.61440590e+000	1.62026207e+002	
5.61906903e+000	1.61903959e+002	
5.62373216e+000	1.61781712e+002	
5.62839529e+000	1.61659468e+002	
5.63305841e+000	1.61537226e+002	
5.63772154e+000	1.61414986e+002	
5.64238467e+000	1.61292748e+002	
5.64704780e+000	1.61159693e+002	
5.65171093e+000	1.60961390e+002	
5.65637405e+000	1.60763086e+002	
5.66103718e+000	1.60628478e+002	
5.66570031e+000	1.60500752e+002	
5.67036344e+000	1.60373035e+002	
5.67502657e+000	1.60245326e+002	
5.67968969e+000	1.60117626e+002	
5.68435282e+000	1.59989934e+002	
5.68901595e+000	1.59862965e+002	
5.69367908e+000	1.59743798e+002	
5.69834220e+000	1.59624643e+002	
5.70300533e+000	1.59505500e+002	
5.70766846e+000	1.59386368e+002	
5.71233159e+000	1.59267248e+002	
5.71699472e+000	1.59148141e+002	
5.72165784e+000	1.59029044e+002	
5.72632097e+000	1.58909960e+002	
5.73098410e+000	1.58790888e+002	
5.73564723e+000	1.58671827e+002	
5.74031035e+000	1.58552779e+002	
5.74497348e+000	1.58433742e+002	
5.74963661e+000	1.58314718e+002	
5.75429974e+000	1.58195705e+002	
5.75896287e+000	1.58076705e+002	
5.76362599e+000	1.57957716e+002	
5.76828912e+000	1.57838740e+002	
5.77295225e+000	1.57719776e+002	
5.77761538e+000	1.57600824e+002	
5.78227851e+000	1.57481884e+002	
5.78694163e+000	1.57362956e+002	
5.79160476e+000	1.57244041e+002	
5.79626789e+000	1.57125138e+002	
5.80093102e+000	1.57006247e+002	
5.80559414e+000	1.56887369e+002	
5.81025727e+000	1.56768503e+002	
5.81492040e+000	1.56649649e+002	
5.81958353e+000	1.56497627e+002	
5.82424666e+000	1.56330889e+002	
5.82890978e+000	1.56164151e+002	
5.83357291e+000	1.55997413e+002	
5.83823604e+000	1.55830675e+002	
5.84289917e+000	1.55663937e+002	
5.84756229e+000	1.55497199e+002	
5.85222542e+000	1.55330461e+002	
5.85688855e+000	1.55198624e+002	
5.86155168e+000	1.55167817e+002	
5.86621481e+000	1.55137010e+002	
5.87087793e+000	1.55106203e+002	
5.87554106e+000	1.55075396e+002	
5.88020419e+000	1.55044589e+002	
5.88486732e+000	1.55013782e+002	
5.88953045e+000	1.54982976e+002	
5.89419357e+000	1.54952169e+002	
5.89885670e+000	1.54921363e+002	
5.90351983e+000	1.54890556e+002	
5.90818296e+000	1.54859750e+002	
5.91284608e+000	1.54828943e+002	
5.91750921e+000	1.54798137e+002	
5.92217234e+000	1.54767330e+002	
5.92683547e+000	1.54736524e+002	
5.93149860e+000	1.54705718e+002	
5.93616172e+000	1.54674912e+002	
5.94082485e+000	1.54644106e+002	
5.94548798e+000	1.54613299e+002	
5.95015111e+000	1.54582493e+002	
5.95481423e+000	1.54551687e+002	
5.95947736e+000	1.54520881e+002	
5.96414049e+000	1.54490075e+002	
5.96880362e+000	1.54449219e+002	
5.97346675e+000	1.54396910e+002	
5.97812987e+000	1.54344601e+002	
5.98279300e+000	1.54292291e+002	
5.98745613e+000	1.54239982e+002	
5.99211926e+000	0.00000000e+000	
5.99678239e+000	0.00000000e+000	
6.00144551e+000	0.00000000e+000	
6.00610864e+000	0.00000000e+000	
6.01077177e+000	0.00000000e+000	
6.01543490e+000	0.00000000e+000	
6.02009802e+000	0.00000000e+000	
6.02476115e+000	0.00000000e+000	
6.02942428e+000	0.00000000e+000	
6.03408741e+000	0.00000000e+000	
6.03875054e+000	0.00000000e+000	
6.04341366e+000	0.00000000e+000	
6.04807679e+000	0.00000000e+000	
6.05273992e+000	0.00000000e+000	
6.05740305e+000	0.00000000e+000	
6.06206617e+000	0.00000000e+000	
6.06672930e+000	0.00000000e+000	
6.07139243e+000	0.00000000e+000	
6.07605556e+000	0.00000000e+000	
6.08071869e+000	0.00000000e+000	
6.08538181e+000	0.00000000e+000	
6.09004494e+000	0.00000000e+000	
6.09470807e+000	0.00000000e+000	
6.09937120e+000	0.00000000e+000	
6.10403433e+000	0.00000000e+000	
6.10869745e+000	0.00000000e+000	
6.11336058e+000	0.00000000e+000	
6.11802371e+000	0.00000000e+000	
6.12268684e+000	0.00000000e+000	
6.12734996e+000	0.00000000e+000	
6.13201309e+000	0.00000000e+000	
6.13667622e+000	0.00000000e+000	
6.14133935e+000	0.00000000e+000	
6.14600248e+000	0.00000000e+000	
6.15066560e+000	0.00000000e+000	
6.15532873e+000	0.00000000e+000	
6.15999186e+000	0.00000000e+000	
6.16465499e+000	0.00000000e+000	
6.16931811e+000	0.00000000e+000	
6.17398124e+000	0.00000000e+000	
6.17864437e+000	0.00000000e+000	
6.18330750e+000	0.00000000e+000	
6.18797063e+000	0.00000000e+000	
6.19263375e+000	0.00000000e+000	
6.19729688e+000	0.00000000e+000	
6.20196001e+000	0.00000000e+000	
6.20662314e+000	0.00000000e+000	
6.21128627e+000	0.00000000e+000	
6.21594939e+000	0.00000000e+000	
6.22061252e+000	0.00000000e+000	
6.22527565e+000	0.00000000e+000	
6.22993878e+000	0.00000000e+000	
6.23460190e+000	0.00000000e+000	
6.23926503e+000	0.00000000e+000	
6.24392816e+000	0.00000000e+000	
6.24859129e+000	0.00000000e+000	
6.25325442e+000	0.00000000e+000	
6.25791754e+000	0.00000000e+000	
6.26258067e+000	0.00000000e+000	
6.26724380e+000	0.00000000e+000	
6.27190693e+000	0.00000000e+000	
6.27657005e+000	0.00000000e+000	
6.28123318e+000	0.00000000e+000	
6.28589631e+000	0.00000000e+000	
6.29055944e+000	0.00000000e+000	
6.29522257e+000	0.00000000e+000	
6.29988569e+000	0.00000000e+000	
6.30454882e+000	0.00000000e+000	
6.30921195e+000	0.00000000e+000	
6.31387508e+000	0.00000000e+000	
6.31853821e+000	0.00000000e+000	
6.32320133e+000	0.00000000e+000	
6.32786446e+000	0.00000000e+000	
6.33252759e+000	0.00000000e+000	
6.33719072e+000	0.00000000e+000	
6.34185384e+000	0.00000000e+000	
6.34651697e+000	0.00000000e+000	
6.35118010e+000	0.00000000e+000	
6.35584323e+000	0.00000000e+000	
6.36050636e+000	0.00000000e+000	
6.36516948e+000	0.00000000e+000	
6.36983261e+000	0.00000000e+000	
6.37449574e+000	0.00000000e+000	
6.37915887e+000	0.00000000e+000	
6.38382199e+000	0.00000000e+000	
6.38848512e+000	0.00000000e+000	
6.39314825e+000	0.00000000e+000	
6.39781138e+000	0.00000000e+000	
6.40247451e+000	0.00000000e+000	
6.40713763e+000	0.00000000e+000	
6.41180076e+000	0.00000000e+000	
6.41646389e+000	0.00000000e+000	
6.42112702e+000	0.00000000e+000	
6.42579015e+000	0.00000000e+000	
6.43045327e+000	0.00000000e+000	
6.43511640e+000	0.00000000e+000	
6.43977953e+000	0.00000000e+000	
6.44444266e+000	0.00000000e+000	
6.44910578e+000	0.00000000e+000	
6.45376891e+000	0.00000000e+000	
6.45843204e+000	0.00000000e+000	
6.46309517e+000	0.00000000e+000	
6.46775830e+000	0.00000000e+000	
6.47242142e+000	0.00000000e+000	
6.47708455e+000	0.00000000e+000	
6.48174768e+000	0.00000000e+000	
6.48641081e+000	0.00000000e+000	
6.49107393e+000	0.00000000e+000	
6.49573706e+000	0.00000000e+000	
6.50040019e+000	0.00000000e+000	
6.50506332e+000	0.00000000e+000	
6.50972645e+000	0.00000000e+000	
6.51438957e+000	0.00000000e+000	
6.51905270e+000	0.00000000e+000	
6.52371583e+000	0.00000000e+000	
6.52837896e+000	0.00000000e+000	
6.53304209e+000	0.00000000e+000	
6.53770521e+000	0.00000000e+000	
6.54236834e+000	0.00000000e+000	
6.54703147e+000	0.00000000e+000	
6.55169460e+000	0.00000000e+000	
6.55635772e+000	0.00000000e+000	
6.56102085e+000	0.00000000e+000	
6.56568398e+000	0.00000000e+000	
6.57034711e+000	0.00000000e+000	
6.57501024e+000	0.00000000e+000	
6.57967336e+000	0.00000000e+000	
6.58433649e+000	0.00000000e+000	
6.58899962e+000	0.00000000e+000	
6.59366275e+000	0.00000000e+000	
6.59832587e+000	0.00000000e+000	
6.60298900e+000	0.00000000e+000	
6.60765213e+000	0.00000000e+000	
6.61231526e+000	0.00000000e+000	
6.61697839e+000	0.00000000e+000	
6.62164151e+000	0.00000000e+000	
6.62630464e+000	0.00000000e+000	
6.63096777e+000	0.00000000e+000	
6.63563090e+000	0.00000000e+000	
6.64029403e+000	0.00000000e+000	
6.64495715e+000	0.00000000e+000	
6.64962028e+000	0.00000000e+000	
6.65428341e+000	0.00000000e+000	
6.65894654e+000	0.00000000e+000	
6.66360966e+000	0.00000000e+000	
6.66827279e+000	0.00000000e+000	
6.67293592e+000	0.00000000e+000	
6.67759905e+000	0.00000000e+000	
6.68226218e+000	0.00000000e+000	
6.68692530e+000	0.00000000e+000	
6.69158843e+000	0.00000000e+000	
6.69625156e+000	0.00000000e+000	
6.70091469e+000	0.00000000e+000	
6.70557781e+000	0.00000000e+000	
6.71024094e+000	0.00000000e+000	
6.71490407e+000	0.00000000e+000	
6.71956720e+000	0.00000000e+000	
6.72423033e+000	0.00000000e+000	
6.72889345e+000	0.00000000e+000	
6.73355658e+000	0.00000000e+000	
6.73821971e+000	0.00000000e+000	
6.74288284e+000	0.00000000e+000	
6.74754597e+000	0.00000000e+000	
6.75220909e+000	0.00000000e+000	
6.75687222e+000	0.00000000e+000	
6.76153535e+000	0.00000000e+000	
6.76619848e+000	0.00000000e+000	
6.77086160e+000	0.00000000e+000	
6.77552473e+000	0.00000000e+000	
6.78018786e+000	0.00000000e+000	
6.78485099e+000	0.00000000e+000	
6.78951412e+000	0.00000000e+000	
6.79417724e+000	0.00000000e+000	
6.79884037e+000	0.00000000e+000	
6.80350350e+000	0.00000000e+000	
6.80816663e+000	0.00000000e+000	
6.81282975e+000	0.00000000e+000	
6.81749288e+000	0.00000000e+000	
6.82215601e+000	0.00000000e+000	
6.82681914e+000	0.00000000e+000	
6.83148227e+000	0.00000000e+000	
6.83614539e+000	0.00000000e+000	
6.84080852e+000	0.00000000e+000	
6.84547165e+000	0.00000000e+000	
6.85013478e+000	0.00000000e+000	
6.85479791e+000	0.00000000e+000	
6.85946103e+000	0.00000000e+000	
6.86412416e+000	0.00000000e+000	
6.86878729e+000	0.00000000e+000	
6.87345042e+000	0.00000000e+000	
6.87811354e+000	0.00000000e+000	
6.88277667e+000	0.00000000e+000	
6.88743980e+000	0.00000000e+000	
6.89210293e+000	0.00000000e+000	
6.89676606e+000	0.00000000e+000	
6.90142918e+000	0.00000000e+000	
6.90609231e+000	0.00000000e+000	
6.91075544e+000	0.00000000e+000	
6.91541857e+000	0.00000000e+000	
6.92008169e+000	0.00000000e+000	
6.92474482e+000	0.00000000e+000	
6.92940795e+000	0.00000000e+000	
6.93407108e+000	0.00000000e+000	
6.93873421e+000	0.00000000e+000	
6.94339733e+000	0.00000000e+000	
6.94806046e+000	0.00000000e+000	
6.95272359e+000	0.00000000e+000	
6.95738672e+000	0.00000000e+000	
6.96204985e+000	0.00000000e+000	
6.96671297e+000	0.00000000e+000	
6.97137610e+000	0.00000000e+000	
6.97603923e+000	0.00000000e+000	
6.98070236e+000	0.00000000e+000	
6.98536548e+000	0.00000000e+000	
6.99002861e+000	0.00000000e+000	
