% Column 0: Length, mm
% Column 1: |H|, Amp/m
0.00000000e+000	7.51065029e+000	
5.00333556e-003	8.78066440e+000	
1.00066711e-002	1.05769543e+001	
1.50100067e-002	1.26778054e+001	
2.00133422e-002	1.49554148e+001	
2.50166778e-002	1.73402712e+001	
3.00200133e-002	1.97936472e+001	
3.50233489e-002	2.22929323e+001	
4.00266845e-002	2.48242639e+001	
4.50300200e-002	2.73787550e+001	
5.00333556e-002	2.99504801e+001	
5.50366911e-002	3.25353529e+001	
6.00400267e-002	3.51304713e+001	
6.50433622e-002	3.77337214e+001	
7.00466978e-002	4.03435290e+001	
7.50500334e-002	4.29586992e+001	
8.00533689e-002	4.55783088e+001	
8.50567045e-002	4.82016339e+001	
9.00600400e-002	5.08280994e+001	
9.50633756e-002	5.34094672e+001	
1.00066711e-001	5.59470056e+001	
1.05070047e-001	5.84845751e+001	
1.10073382e-001	6.10221719e+001	
1.15076718e-001	6.35597927e+001	
1.20080053e-001	6.60974348e+001	
1.25083389e-001	6.86350957e+001	
1.30086724e-001	7.11727735e+001	
1.35090060e-001	7.37104664e+001	
1.40093396e-001	7.62403773e+001	
1.45096731e-001	7.87362381e+001	
1.50100067e-001	8.12334962e+001	
1.55103402e-001	8.37320265e+001	
1.60106738e-001	8.62317184e+001	
1.65110073e-001	8.87324737e+001	
1.70113409e-001	9.12342051e+001	
1.75116744e-001	9.37437283e+001	
1.80120080e-001	9.62547893e+001	
1.85123416e-001	9.87661716e+001	
1.90126751e-001	1.01277851e+002	
1.95130087e-001	1.03789807e+002	
2.00133422e-001	1.06302018e+002	
2.05136758e-001	1.08814469e+002	
2.10140093e-001	1.11327141e+002	
2.15143429e-001	1.13840021e+002	
2.20146765e-001	1.16353095e+002	
2.25150100e-001	1.18866352e+002	
2.30153436e-001	1.21379778e+002	
2.35156771e-001	1.23855295e+002	
2.40160107e-001	1.25816204e+002	
2.45163442e-001	1.27779777e+002	
2.50166778e-001	1.29745892e+002	
2.55170113e-001	1.31714436e+002	
2.60173449e-001	1.33685301e+002	
2.65176785e-001	1.35658386e+002	
2.70180120e-001	1.37633595e+002	
2.75183456e-001	1.39610839e+002	
2.80186791e-001	1.41274022e+002	
2.85190127e-001	1.42730383e+002	
2.90193462e-001	1.44186891e+002	
2.95196798e-001	1.45643542e+002	
3.00200133e-001	1.47100332e+002	
3.05203469e-001	1.48557256e+002	
3.10206805e-001	1.50014310e+002	
3.15210140e-001	1.51471492e+002	
3.20213476e-001	1.52928797e+002	
3.25216811e-001	1.54386221e+002	
3.30220147e-001	1.55843762e+002	
3.35223482e-001	1.57301415e+002	
3.40226818e-001	1.58759179e+002	
3.45230153e-001	1.60217050e+002	
3.50233489e-001	1.61675025e+002	
3.55236825e-001	1.63133101e+002	
3.60240160e-001	1.64591276e+002	
3.65243496e-001	1.66049547e+002	
3.70246831e-001	1.67507911e+002	
3.75250167e-001	1.68966366e+002	
3.80253502e-001	1.70411087e+002	
3.85256838e-001	1.71838570e+002	
3.90260173e-001	1.73266553e+002	
3.95263509e-001	1.74636007e+002	
4.00266845e-001	1.75577112e+002	
4.05270180e-001	1.76518220e+002	
4.10273516e-001	1.77459329e+002	
4.15276851e-001	1.78400440e+002	
4.20280187e-001	1.79341553e+002	
4.25283522e-001	1.80282668e+002	
4.30286858e-001	1.81223785e+002	
4.35290193e-001	1.82164904e+002	
4.40293529e-001	1.83106025e+002	
4.45296865e-001	1.84047147e+002	
4.50300200e-001	1.84988271e+002	
4.55303536e-001	1.85929397e+002	
4.60306871e-001	1.86870525e+002	
4.65310207e-001	1.87923864e+002	
4.70313542e-001	1.88986655e+002	
4.75316878e-001	1.90049578e+002	
4.80320213e-001	1.91112630e+002	
4.85323549e-001	1.92175809e+002	
4.90326885e-001	1.93239114e+002	
4.95330220e-001	1.94302541e+002	
5.00333556e-001	1.95366090e+002	
5.05336891e-001	1.96429757e+002	
5.10340227e-001	1.97493542e+002	
5.15343562e-001	1.98557441e+002	
5.20346898e-001	1.99185912e+002	
5.25350233e-001	1.99604322e+002	
5.30353569e-001	2.00023092e+002	
5.35356905e-001	2.00442219e+002	
5.40360240e-001	2.00861700e+002	
5.45363576e-001	2.01325755e+002	
5.50366911e-001	2.01792708e+002	
5.55370247e-001	2.02259764e+002	
5.60373582e-001	2.02726922e+002	
5.65376918e-001	2.03194181e+002	
5.70380254e-001	2.03661541e+002	
5.75383589e-001	2.04129000e+002	
5.80386925e-001	2.04596559e+002	
5.85390260e-001	2.05064215e+002	
5.90393596e-001	2.05531970e+002	
5.95396931e-001	2.05999822e+002	
6.00400267e-001	2.06467770e+002	
6.05403602e-001	2.06935814e+002	
6.10406938e-001	2.07403953e+002	
6.15410274e-001	2.07872186e+002	
6.20413609e-001	2.08340514e+002	
6.25416945e-001	2.08808934e+002	
6.30420280e-001	2.09219563e+002	
6.35423616e-001	2.09324721e+002	
6.40426951e-001	2.09429878e+002	
6.45430287e-001	2.09535036e+002	
6.50433622e-001	2.09640194e+002	
6.55436958e-001	2.09745352e+002	
6.60440294e-001	2.09850510e+002	
6.65443629e-001	2.09955668e+002	
6.70446965e-001	2.10060827e+002	
6.75450300e-001	2.10165986e+002	
6.80453636e-001	2.10271145e+002	
6.85456971e-001	2.10376304e+002	
6.90460307e-001	2.10481463e+002	
6.95463642e-001	2.10586623e+002	
7.00466978e-001	2.10691782e+002	
7.05470314e-001	2.10796942e+002	
7.10473649e-001	2.10902102e+002	
7.15476985e-001	2.11007262e+002	
7.20480320e-001	2.11112423e+002	
7.25483656e-001	2.11217583e+002	
7.30486991e-001	2.11322744e+002	
7.35490327e-001	2.11427905e+002	
7.40493662e-001	2.11533066e+002	
7.45496998e-001	2.11638227e+002	
7.50500334e-001	2.11720342e+002	
7.55503669e-001	2.11594828e+002	
7.60507005e-001	2.11469317e+002	
7.65510340e-001	2.11343809e+002	
7.70513676e-001	2.11218305e+002	
7.75517011e-001	2.11092804e+002	
7.80520347e-001	2.10967305e+002	
7.85523682e-001	2.10841810e+002	
7.90527018e-001	2.10716318e+002	
7.95530354e-001	2.10590829e+002	
8.00533689e-001	2.10465344e+002	
8.05537025e-001	2.10339861e+002	
8.10540360e-001	2.10214382e+002	
8.15543696e-001	2.10088906e+002	
8.20547031e-001	2.09963433e+002	
8.25550367e-001	2.09837963e+002	
8.30553702e-001	2.09712497e+002	
8.35557038e-001	2.09587033e+002	
8.40560374e-001	2.09461573e+002	
8.45563709e-001	2.09336116e+002	
8.50567045e-001	2.09210663e+002	
8.55570380e-001	2.09085212e+002	
8.60573716e-001	2.08959765e+002	
8.65577051e-001	2.08834321e+002	
8.70580387e-001	2.08708880e+002	
8.75583722e-001	2.08583443e+002	
8.80587058e-001	2.08458008e+002	
8.85590394e-001	2.08332577e+002	
8.90593729e-001	2.08207150e+002	
8.95597065e-001	2.08081725e+002	
9.00600400e-001	2.07956304e+002	
9.05603736e-001	2.07830886e+002	
9.10607071e-001	2.07705471e+002	
9.15610407e-001	2.07526806e+002	
9.20613742e-001	2.07261049e+002	
9.25617078e-001	2.06995296e+002	
9.30620414e-001	2.06729546e+002	
9.35623749e-001	2.06463800e+002	
9.40627085e-001	2.06198057e+002	
9.45630420e-001	2.05932318e+002	
9.50633756e-001	2.05666582e+002	
9.55637091e-001	2.05400850e+002	
9.60640427e-001	2.05135121e+002	
9.65643763e-001	2.04869396e+002	
9.70647098e-001	2.04603674e+002	
9.75650434e-001	2.04337956e+002	
9.80653769e-001	2.04072241e+002	
9.85657105e-001	2.03806530e+002	
9.90660440e-001	2.03534567e+002	
9.95663776e-001	2.03262428e+002	
1.00066711e+000	2.02990297e+002	
1.00567045e+000	2.02718173e+002	
1.01067378e+000	2.02446057e+002	
1.01567712e+000	2.02173949e+002	
1.02068045e+000	2.01901849e+002	
1.02568379e+000	2.01629756e+002	
1.03068712e+000	2.01357671e+002	
1.03569046e+000	2.01085595e+002	
1.04069380e+000	2.00813526e+002	
1.04569713e+000	2.00541465e+002	
1.05070047e+000	2.00269412e+002	
1.05570380e+000	1.99997367e+002	
1.06070714e+000	1.99725330e+002	
1.06571047e+000	1.99453301e+002	
1.07071381e+000	1.99181280e+002	
1.07571714e+000	1.98909267e+002	
1.08072048e+000	1.98637263e+002	
1.08572382e+000	1.98365266e+002	
1.09072715e+000	1.98093278e+002	
1.09573049e+000	1.97821299e+002	
1.10073382e+000	1.97549327e+002	
1.10573716e+000	1.97259963e+002	
1.11074049e+000	1.96954696e+002	
1.11574383e+000	1.96649451e+002	
1.12074716e+000	1.96344227e+002	
1.12575050e+000	1.96039024e+002	
1.13075384e+000	1.95733843e+002	
1.13575717e+000	1.95428684e+002	
1.14076051e+000	1.95123546e+002	
1.14576384e+000	1.94818430e+002	
1.15076718e+000	1.94513336e+002	
1.15577051e+000	1.94208265e+002	
1.16077385e+000	1.93903215e+002	
1.16577718e+000	1.93598188e+002	
1.17078052e+000	1.93293183e+002	
1.17578386e+000	1.92988200e+002	
1.18078719e+000	1.92683240e+002	
1.18579053e+000	1.92378303e+002	
1.19079386e+000	1.92073902e+002	
1.19579720e+000	1.91773275e+002	
1.20080053e+000	1.91472656e+002	
1.20580387e+000	1.91172045e+002	
1.21080720e+000	1.90871442e+002	
1.21581054e+000	1.90570848e+002	
1.22081388e+000	1.90270261e+002	
1.22581721e+000	1.89969683e+002	
1.23082055e+000	1.89669114e+002	
1.23582388e+000	1.89368553e+002	
1.24082722e+000	1.89068000e+002	
1.24583055e+000	1.88767456e+002	
1.25083389e+000	1.88466920e+002	
1.25583722e+000	1.88166392e+002	
1.26084056e+000	1.87865874e+002	
1.26584390e+000	1.87565364e+002	
1.27084723e+000	1.87264862e+002	
1.27585057e+000	1.86964369e+002	
1.28085390e+000	1.86663886e+002	
1.28585724e+000	1.86357743e+002	
1.29086057e+000	1.85960444e+002	
1.29586391e+000	1.85563149e+002	
1.30086724e+000	1.85165857e+002	
1.30587058e+000	1.84768570e+002	
1.31087392e+000	1.84371286e+002	
1.31587725e+000	1.83974007e+002	
1.32088059e+000	1.83576731e+002	
1.32588392e+000	1.83179460e+002	
1.33088726e+000	1.82782193e+002	
1.33589059e+000	1.82384930e+002	
1.34089393e+000	1.81987671e+002	
1.34589726e+000	1.81590416e+002	
1.35090060e+000	1.81193166e+002	
1.35590394e+000	1.80795920e+002	
1.36090727e+000	1.80398678e+002	
1.36591061e+000	1.80001441e+002	
1.37091394e+000	1.79604207e+002	
1.37591728e+000	1.79206979e+002	
1.38092061e+000	1.78809754e+002	
1.38592395e+000	1.78412534e+002	
1.39092728e+000	1.78015319e+002	
1.39593062e+000	1.77618108e+002	
1.40093396e+000	1.77220901e+002	
1.40593729e+000	1.76823647e+002	
1.41094063e+000	1.76426206e+002	
1.41594396e+000	1.76028766e+002	
1.42094730e+000	1.75631326e+002	
1.42595063e+000	1.75233888e+002	
1.43095397e+000	1.74836450e+002	
1.43595730e+000	1.74439014e+002	
1.44096064e+000	1.74041578e+002	
1.44596398e+000	1.73644144e+002	
1.45096731e+000	1.73246710e+002	
1.45597065e+000	1.72849278e+002	
1.46097398e+000	1.72451846e+002	
1.46597732e+000	1.72054416e+002	
1.47098065e+000	1.71656986e+002	
1.47598399e+000	1.71259558e+002	
1.48098732e+000	1.70862130e+002	
1.48599066e+000	1.70465346e+002	
1.49099400e+000	1.70073240e+002	
1.49599733e+000	1.69681153e+002	
1.50100067e+000	1.69289087e+002	
1.50600400e+000	1.68897041e+002	
1.51100734e+000	1.68505016e+002	
1.51601067e+000	1.68113011e+002	
1.52101401e+000	1.67721028e+002	
1.52601734e+000	1.67329065e+002	
1.53102068e+000	1.66937124e+002	
1.53602402e+000	1.66545204e+002	
1.54102735e+000	1.66153305e+002	
1.54603069e+000	1.65761428e+002	
1.55103402e+000	1.65418542e+002	
1.55603736e+000	1.65081394e+002	
1.56104069e+000	1.64744263e+002	
1.56604403e+000	1.64407147e+002	
1.57104736e+000	1.64070049e+002	
1.57605070e+000	1.63732966e+002	
1.58105404e+000	1.63395900e+002	
1.58605737e+000	1.63058851e+002	
1.59106071e+000	1.62721819e+002	
1.59606404e+000	1.62384804e+002	
1.60106738e+000	1.62047806e+002	
1.60607071e+000	1.61710825e+002	
1.61107405e+000	1.61373861e+002	
1.61607738e+000	1.61036915e+002	
1.62108072e+000	1.60699986e+002	
1.62608406e+000	1.60363075e+002	
1.63108739e+000	1.60026181e+002	
1.63609073e+000	1.59689305e+002	
1.64109406e+000	1.59352448e+002	
1.64609740e+000	1.59015608e+002	
1.65110073e+000	1.58678786e+002	
1.65610407e+000	1.58341983e+002	
1.66110740e+000	1.58005198e+002	
1.66611074e+000	1.57668432e+002	
1.67111408e+000	1.57331684e+002	
1.67611741e+000	1.56994955e+002	
1.68112075e+000	1.56658245e+002	
1.68612408e+000	1.56321554e+002	
1.69112742e+000	1.55984882e+002	
1.69613075e+000	1.55648229e+002	
1.70113409e+000	1.55311596e+002	
1.70613742e+000	1.54974982e+002	
1.71114076e+000	1.54638387e+002	
1.71614410e+000	1.54301813e+002	
1.72114743e+000	1.53965258e+002	
1.72615077e+000	1.53628724e+002	
1.73115410e+000	1.53292209e+002	
1.73615744e+000	1.52955715e+002	
1.74116077e+000	1.52644942e+002	
1.74616411e+000	1.52363905e+002	
1.75116744e+000	1.52082876e+002	
1.75617078e+000	1.51801856e+002	
1.76117412e+000	1.51520844e+002	
1.76617745e+000	1.51239841e+002	
1.77118079e+000	1.50958846e+002	
1.77618412e+000	1.50677859e+002	
1.78118746e+000	1.50396882e+002	
1.78619079e+000	1.50115913e+002	
1.79119413e+000	1.49834952e+002	
1.79619746e+000	1.49554001e+002	
1.80120080e+000	1.49273058e+002	
1.80620414e+000	1.48992124e+002	
1.81120747e+000	1.48711199e+002	
1.81621081e+000	1.48430282e+002	
1.82121414e+000	1.48149375e+002	
1.82621748e+000	1.47868477e+002	
1.83122081e+000	1.47587588e+002	
1.83622415e+000	1.47306708e+002	
1.84122748e+000	1.47025837e+002	
1.84623082e+000	1.46744976e+002	
1.85123416e+000	1.46464124e+002	
1.85623749e+000	1.46183281e+002	
1.86124083e+000	1.45902448e+002	
1.86624416e+000	1.45621624e+002	
1.87124750e+000	1.45340809e+002	
1.87625083e+000	1.45059721e+002	
1.88125417e+000	1.44778386e+002	
1.88625751e+000	1.44497052e+002	
1.89126084e+000	1.44215719e+002	
1.89626418e+000	1.43934385e+002	
1.90126751e+000	1.43653052e+002	
1.90627085e+000	1.43371719e+002	
1.91127418e+000	1.43090386e+002	
1.91627752e+000	1.42809054e+002	
1.92128085e+000	1.42527721e+002	
1.92628419e+000	1.42246389e+002	
1.93128753e+000	1.41965057e+002	
1.93629086e+000	1.41683726e+002	
1.94129420e+000	1.41402394e+002	
1.94629753e+000	1.41126782e+002	
1.95130087e+000	1.40879859e+002	
1.95630420e+000	1.40632937e+002	
1.96130754e+000	1.40386016e+002	
1.96631087e+000	1.40139095e+002	
1.97131421e+000	1.39892175e+002	
1.97631755e+000	1.39645257e+002	
1.98132088e+000	1.39398339e+002	
1.98632422e+000	1.39151422e+002	
1.99132755e+000	1.38904505e+002	
1.99633089e+000	1.38657590e+002	
2.00133422e+000	1.38410676e+002	
2.00633756e+000	1.38163762e+002	
2.01134089e+000	1.37916849e+002	
2.01634423e+000	1.37669937e+002	
2.02134757e+000	1.37423027e+002	
2.02635090e+000	1.37176117e+002	
2.03135424e+000	1.36929207e+002	
2.03635757e+000	1.36682299e+002	
2.04136091e+000	1.36435392e+002	
2.04636424e+000	1.36188486e+002	
2.05136758e+000	1.35941580e+002	
2.05637091e+000	1.35694676e+002	
2.06137425e+000	1.35447772e+002	
2.06637759e+000	1.35200870e+002	
2.07138092e+000	1.34953968e+002	
2.07638426e+000	1.34707067e+002	
2.08138759e+000	1.34460168e+002	
2.08639093e+000	1.34213269e+002	
2.09139426e+000	1.33966371e+002	
2.09639760e+000	1.33719474e+002	
2.10140093e+000	1.33472579e+002	
2.10640427e+000	1.33225684e+002	
2.11140761e+000	1.32978790e+002	
2.11641094e+000	1.32731897e+002	
2.12141428e+000	1.32485005e+002	
2.12641761e+000	1.32238115e+002	
2.13142095e+000	1.31991225e+002	
2.13642428e+000	1.31744336e+002	
2.14142762e+000	1.31497448e+002	
2.14643095e+000	1.31250561e+002	
2.15143429e+000	1.31003676e+002	
2.15643763e+000	1.30756791e+002	
2.16144096e+000	1.30509908e+002	
2.16644430e+000	1.30263025e+002	
2.17144763e+000	1.30016144e+002	
2.17645097e+000	1.29769263e+002	
2.18145430e+000	1.29522384e+002	
2.18645764e+000	1.29275506e+002	
2.19146097e+000	1.29040069e+002	
2.19646431e+000	1.28809929e+002	
2.20146765e+000	1.28579797e+002	
2.20647098e+000	1.28349674e+002	
2.21147432e+000	1.28125933e+002	
2.21647765e+000	1.27930989e+002	
2.22148099e+000	1.27736045e+002	
2.22648432e+000	1.27541102e+002	
2.23148766e+000	1.27346158e+002	
2.23649099e+000	1.27151215e+002	
2.24149433e+000	1.26956272e+002	
2.24649767e+000	1.26761329e+002	
2.25150100e+000	1.26566386e+002	
2.25650434e+000	1.26371444e+002	
2.26150767e+000	1.26176501e+002	
2.26651101e+000	1.25981559e+002	
2.27151434e+000	1.25786617e+002	
2.27651768e+000	1.25591675e+002	
2.28152101e+000	1.25396733e+002	
2.28652435e+000	1.25201792e+002	
2.29152769e+000	1.25006850e+002	
2.29653102e+000	1.24811909e+002	
2.30153436e+000	1.24616968e+002	
2.30653769e+000	1.24422027e+002	
2.31154103e+000	1.24227086e+002	
2.31654436e+000	1.24032146e+002	
2.32154770e+000	1.23837205e+002	
2.32655103e+000	1.23642265e+002	
2.33155437e+000	1.23447325e+002	
2.33655771e+000	1.23252385e+002	
2.34156104e+000	1.23057446e+002	
2.34656438e+000	1.22862506e+002	
2.35156771e+000	1.22667567e+002	
2.35657105e+000	1.22472628e+002	
2.36157438e+000	1.22277689e+002	
2.36657772e+000	1.22082750e+002	
2.37158105e+000	1.21887811e+002	
2.37658439e+000	1.21692873e+002	
2.38158773e+000	1.21497935e+002	
2.38659106e+000	1.21302996e+002	
2.39159440e+000	1.21108059e+002	
2.39659773e+000	1.20913121e+002	
2.40160107e+000	1.20718183e+002	
2.40660440e+000	1.20523246e+002	
2.41160774e+000	1.20328309e+002	
2.41661107e+000	1.20133372e+002	
2.42161441e+000	1.19938435e+002	
2.42661775e+000	1.19743499e+002	
2.43162108e+000	1.19548562e+002	
2.43662442e+000	1.19353626e+002	
2.44162775e+000	1.19158690e+002	
2.44663109e+000	1.18963754e+002	
2.45163442e+000	1.18768819e+002	
2.45663776e+000	1.18573883e+002	
2.46164109e+000	1.18378948e+002	
2.46664443e+000	1.18184013e+002	
2.47164777e+000	1.17989078e+002	
2.47665110e+000	1.17794144e+002	
2.48165444e+000	1.17599209e+002	
2.48665777e+000	1.17404275e+002	
2.49166111e+000	1.17209341e+002	
2.49666444e+000	1.17014407e+002	
2.50166778e+000	1.16819474e+002	
2.50667111e+000	1.16624540e+002	
2.51167445e+000	1.16429607e+002	
2.51667779e+000	1.16234674e+002	
2.52168112e+000	1.16039741e+002	
2.52668446e+000	1.15837563e+002	
2.53168779e+000	1.15656924e+002	
2.53669113e+000	1.15473235e+002	
2.54169446e+000	1.15283581e+002	
2.54669780e+000	1.15093927e+002	
2.55170113e+000	1.14904273e+002	
2.55670447e+000	1.14714619e+002	
2.56170781e+000	1.14524965e+002	
2.56671114e+000	1.14335311e+002	
2.57171448e+000	1.14145658e+002	
2.57671781e+000	1.13956004e+002	
2.58172115e+000	1.13766350e+002	
2.58672448e+000	1.13576697e+002	
2.59172782e+000	1.13387044e+002	
2.59673115e+000	1.13197390e+002	
2.60173449e+000	1.13007737e+002	
2.60673783e+000	1.12818084e+002	
2.61174116e+000	1.12628432e+002	
2.61674450e+000	1.12438779e+002	
2.62174783e+000	1.12249126e+002	
2.62675117e+000	1.12059473e+002	
2.63175450e+000	1.11869821e+002	
2.63675784e+000	1.11680169e+002	
2.64176117e+000	1.11490516e+002	
2.64676451e+000	1.11300864e+002	
2.65176785e+000	1.11111212e+002	
2.65677118e+000	1.10921560e+002	
2.66177452e+000	1.10731908e+002	
2.66677785e+000	1.10542257e+002	
2.67178119e+000	1.10352605e+002	
2.67678452e+000	1.10162953e+002	
2.68178786e+000	1.09973302e+002	
2.68679119e+000	1.09783651e+002	
2.69179453e+000	1.09594000e+002	
2.69679787e+000	1.09404349e+002	
2.70180120e+000	1.09214698e+002	
2.70680454e+000	1.09025047e+002	
2.71180787e+000	1.08835396e+002	
2.71681121e+000	1.08645745e+002	
2.72181454e+000	1.08456095e+002	
2.72681788e+000	1.08266445e+002	
2.73182121e+000	1.08076794e+002	
2.73682455e+000	1.07887144e+002	
2.74182789e+000	1.07697494e+002	
2.74683122e+000	1.07507844e+002	
2.75183456e+000	1.07318194e+002	
2.75683789e+000	1.07128545e+002	
2.76184123e+000	1.06938895e+002	
2.76684456e+000	1.06749246e+002	
2.77184790e+000	1.06559596e+002	
2.77685123e+000	1.06369947e+002	
2.78185457e+000	1.06180298e+002	
2.78685791e+000	1.05990649e+002	
2.79186124e+000	1.05801000e+002	
2.79686458e+000	1.05635421e+002	
2.80186791e+000	1.05484609e+002	
2.80687125e+000	1.05333803e+002	
2.81187458e+000	1.05183002e+002	
2.81687792e+000	1.05032206e+002	
2.82188125e+000	1.04881415e+002	
2.82688459e+000	1.04730630e+002	
2.83188793e+000	1.04579850e+002	
2.83689126e+000	1.04429075e+002	
2.84189460e+000	1.04278305e+002	
2.84689793e+000	1.04127541e+002	
2.85190127e+000	1.03976782e+002	
2.85690460e+000	1.03826029e+002	
2.86190794e+000	1.03675281e+002	
2.86691127e+000	1.03524539e+002	
2.87191461e+000	1.03373802e+002	
2.87691795e+000	1.03223070e+002	
2.88192128e+000	1.03072344e+002	
2.88692462e+000	1.02921624e+002	
2.89192795e+000	1.02770909e+002	
2.89693129e+000	1.02620200e+002	
2.90193462e+000	1.02469496e+002	
2.90693796e+000	1.02318798e+002	
2.91194129e+000	1.02168106e+002	
2.91694463e+000	1.02017987e+002	
2.92194797e+000	1.01878846e+002	
2.92695130e+000	1.01739704e+002	
2.93195464e+000	1.01600562e+002	
2.93695797e+000	1.01461421e+002	
2.94196131e+000	1.01322279e+002	
2.94696464e+000	1.01183138e+002	
2.95196798e+000	1.01043996e+002	
2.95697131e+000	1.00904855e+002	
2.96197465e+000	1.00765713e+002	
2.96697799e+000	1.00626572e+002	
2.97198132e+000	1.00487430e+002	
2.97698466e+000	1.00348289e+002	
2.98198799e+000	1.00209147e+002	
2.98699133e+000	1.00070006e+002	
2.99199466e+000	9.99308645e+001	
2.99699800e+000	9.97917231e+001	
3.00200133e+000	9.96525817e+001	
3.00700467e+000	9.95134403e+001	
3.01200801e+000	9.93742989e+001	
3.01701134e+000	9.92351575e+001	
3.02201468e+000	9.90960161e+001	
3.02701801e+000	9.89568747e+001	
3.03202135e+000	9.88177334e+001	
3.03702468e+000	9.86785920e+001	
3.04202802e+000	9.85394507e+001	
3.04703135e+000	9.84003094e+001	
3.05203469e+000	9.82611681e+001	
3.05703803e+000	9.81220267e+001	
3.06204136e+000	9.79828854e+001	
3.06704470e+000	9.78437442e+001	
3.07204803e+000	9.77046029e+001	
3.07705137e+000	9.75654616e+001	
3.08205470e+000	9.74263204e+001	
3.08705804e+000	9.72871791e+001	
3.09206137e+000	9.71480379e+001	
3.09706471e+000	9.70088967e+001	
3.10206805e+000	9.68697554e+001	
3.10707138e+000	9.67306142e+001	
3.11207472e+000	9.65914731e+001	
3.11707805e+000	9.64653748e+001	
3.12208139e+000	9.63393680e+001	
3.12708472e+000	9.62133617e+001	
3.13208806e+000	9.60873559e+001	
3.13709139e+000	9.59613506e+001	
3.14209473e+000	9.58353459e+001	
3.14709807e+000	9.57093416e+001	
3.15210140e+000	9.55833379e+001	
3.15710474e+000	9.54573348e+001	
3.16210807e+000	9.53313321e+001	
3.16711141e+000	9.52053300e+001	
3.17211474e+000	9.50793284e+001	
3.17711808e+000	9.49533273e+001	
3.18212141e+000	9.48273268e+001	
3.18712475e+000	9.47013268e+001	
3.19212809e+000	9.45753273e+001	
3.19713142e+000	9.44493284e+001	
3.20213476e+000	9.43233300e+001	
3.20713809e+000	9.41973322e+001	
3.21214143e+000	9.40713349e+001	
3.21714476e+000	9.39453382e+001	
3.22214810e+000	9.38193420e+001	
3.22715143e+000	9.36933464e+001	
3.23215477e+000	9.35673513e+001	
3.23715811e+000	9.34413568e+001	
3.24216144e+000	9.33153629e+001	
3.24716478e+000	9.31893695e+001	
3.25216811e+000	9.30633767e+001	
3.25717145e+000	9.29373844e+001	
3.26217478e+000	9.28113927e+001	
3.26717812e+000	9.26854016e+001	
3.27218145e+000	9.25594111e+001	
3.27718479e+000	9.24334211e+001	
3.28218813e+000	9.23074318e+001	
3.28719146e+000	9.21814430e+001	
3.29219480e+000	9.20554548e+001	
3.29719813e+000	9.19294671e+001	
3.30220147e+000	9.18034801e+001	
3.30720480e+000	9.16774937e+001	
3.31220814e+000	9.15515078e+001	
3.31721147e+000	9.14255226e+001	
3.32221481e+000	9.12995379e+001	
3.32721815e+000	9.11735539e+001	
3.33222148e+000	9.10475704e+001	
3.33722482e+000	9.09215876e+001	
3.34222815e+000	9.07976139e+001	
3.34723149e+000	9.06764062e+001	
3.35223482e+000	9.05551991e+001	
3.35723816e+000	9.04339927e+001	
3.36224149e+000	9.03127869e+001	
3.36724483e+000	9.01915816e+001	
3.37224817e+000	9.00703771e+001	
3.37725150e+000	8.99491731e+001	
3.38225484e+000	8.98279698e+001	
3.38725817e+000	8.97067671e+001	
3.39226151e+000	8.95855650e+001	
3.39726484e+000	8.94643636e+001	
3.40226818e+000	8.93431628e+001	
3.40727151e+000	8.92219626e+001	
3.41227485e+000	8.91140900e+001	
3.41727819e+000	8.90109274e+001	
3.42228152e+000	8.89077654e+001	
3.42728486e+000	8.88046041e+001	
3.43228819e+000	8.87014435e+001	
3.43729153e+000	8.85982835e+001	
3.44229486e+000	8.84951242e+001	
3.44729820e+000	8.83919656e+001	
3.45230153e+000	8.82888076e+001	
3.45730487e+000	8.81856503e+001	
3.46230821e+000	8.80824937e+001	
3.46731154e+000	8.79793377e+001	
3.47231488e+000	8.78761825e+001	
3.47731821e+000	8.77730279e+001	
3.48232155e+000	8.76698740e+001	
3.48732488e+000	8.75667208e+001	
3.49232822e+000	8.74635683e+001	
3.49733155e+000	8.73604164e+001	
3.50233489e+000	8.72572653e+001	
3.50733823e+000	8.71541149e+001	
3.51234156e+000	8.70509651e+001	
3.51734490e+000	8.69478161e+001	
3.52234823e+000	8.68446678e+001	
3.52735157e+000	8.67415202e+001	
3.53235490e+000	8.66383732e+001	
3.53735824e+000	8.65352270e+001	
3.54236157e+000	8.64320816e+001	
3.54736491e+000	8.63289368e+001	
3.55236825e+000	8.62257927e+001	
3.55737158e+000	8.61226494e+001	
3.56237492e+000	8.60195068e+001	
3.56737825e+000	8.59163649e+001	
3.57238159e+000	8.58132238e+001	
3.57738492e+000	8.57100834e+001	
3.58238826e+000	8.56069437e+001	
3.58739159e+000	8.55038048e+001	
3.59239493e+000	8.54006666e+001	
3.59739827e+000	8.52975291e+001	
3.60240160e+000	8.51943924e+001	
3.60740494e+000	8.50912565e+001	
3.61240827e+000	8.49881213e+001	
3.61741161e+000	8.48849868e+001	
3.62241494e+000	8.47818531e+001	
3.62741828e+000	8.46787202e+001	
3.63242161e+000	8.45755880e+001	
3.63742495e+000	8.44724566e+001	
3.64242829e+000	8.43693260e+001	
3.64743162e+000	8.42661961e+001	
3.65243496e+000	8.41630670e+001	
3.65743829e+000	8.40599387e+001	
3.66244163e+000	8.39568112e+001	
3.66744496e+000	8.38536844e+001	
3.67244830e+000	8.37505585e+001	
3.67745163e+000	8.36474333e+001	
3.68245497e+000	8.35443089e+001	
3.68745831e+000	8.34411853e+001	
3.69246164e+000	8.33380625e+001	
3.69746498e+000	8.32349405e+001	
3.70246831e+000	8.31318193e+001	
3.70747165e+000	8.30286989e+001	
3.71247498e+000	8.29255794e+001	
3.71747832e+000	8.28224606e+001	
3.72248165e+000	8.27193426e+001	
3.72748499e+000	8.26162255e+001	
3.73248833e+000	8.25131092e+001	
3.73749166e+000	8.24099937e+001	
3.74249500e+000	8.23068791e+001	
3.74749833e+000	8.22037652e+001	
3.75250167e+000	8.21006522e+001	
3.75750500e+000	8.19975401e+001	
3.76250834e+000	8.18944288e+001	
3.76751167e+000	8.17627987e+001	
3.77251501e+000	8.16304778e+001	
3.77751835e+000	8.14981671e+001	
3.78252168e+000	8.13893945e+001	
3.78752502e+000	8.12987706e+001	
3.79252835e+000	8.12034977e+001	
3.79753169e+000	8.11005970e+001	
3.80253502e+000	8.09976992e+001	
3.80753836e+000	8.08948042e+001	
3.81254169e+000	8.07890254e+001	
3.81754503e+000	8.06779958e+001	
3.82254837e+000	8.05669697e+001	
3.82755170e+000	8.04559472e+001	
3.83255504e+000	8.03449283e+001	
3.83755837e+000	8.02339129e+001	
3.84256171e+000	8.01229011e+001	
3.84756504e+000	8.00118930e+001	
3.85256838e+000	7.99008885e+001	
3.85757171e+000	7.97898876e+001	
3.86257505e+000	7.96788903e+001	
3.86757839e+000	7.95678968e+001	
3.87258172e+000	7.94569069e+001	
3.87758506e+000	7.93459207e+001	
3.88258839e+000	7.92349383e+001	
3.88759173e+000	7.91239595e+001	
3.89259506e+000	7.90129846e+001	
3.89759840e+000	7.89020133e+001	
3.90260173e+000	7.87910459e+001	
3.90760507e+000	7.86800823e+001	
3.91260841e+000	7.85691224e+001	
3.91761174e+000	7.84581665e+001	
3.92261508e+000	7.83472143e+001	
3.92761841e+000	7.82362660e+001	
3.93262175e+000	7.81253216e+001	
3.93762508e+000	7.80143811e+001	
3.94262842e+000	7.79034445e+001	
3.94763175e+000	7.77925118e+001	
3.95263509e+000	7.76815831e+001	
3.95763843e+000	7.75706583e+001	
3.96264176e+000	7.74597375e+001	
3.96764510e+000	7.73488207e+001	
3.97264843e+000	7.72379079e+001	
3.97765177e+000	7.71269991e+001	
3.98265510e+000	7.70160944e+001	
3.98765844e+000	7.69051938e+001	
3.99266177e+000	7.67942972e+001	
3.99766511e+000	7.66834047e+001	
4.00266845e+000	7.65725164e+001	
4.00767178e+000	7.64616322e+001	
4.01267512e+000	7.63507521e+001	
4.01767845e+000	7.62588073e+001	
4.02268179e+000	7.61750775e+001	
4.02768512e+000	7.60913477e+001	
4.03268846e+000	7.60076179e+001	
4.03769179e+000	7.59238881e+001	
4.04269513e+000	7.58401583e+001	
4.04769847e+000	7.57564285e+001	
4.05270180e+000	7.56726987e+001	
4.05770514e+000	7.55889689e+001	
4.06270847e+000	7.55052392e+001	
4.06771181e+000	7.54215094e+001	
4.07271514e+000	7.53377796e+001	
4.07771848e+000	7.52540498e+001	
4.08272181e+000	7.51703201e+001	
4.08772515e+000	7.50865903e+001	
4.09272849e+000	7.50028606e+001	
4.09773182e+000	7.49191308e+001	
4.10273516e+000	7.48354011e+001	
4.10773849e+000	7.47516713e+001	
4.11274183e+000	7.46679416e+001	
4.11774516e+000	7.45842119e+001	
4.12274850e+000	7.45004822e+001	
4.12775183e+000	7.44167524e+001	
4.13275517e+000	7.43330227e+001	
4.13775851e+000	7.42492930e+001	
4.14276184e+000	7.41655633e+001	
4.14776518e+000	7.40818336e+001	
4.15276851e+000	7.39981039e+001	
4.15777185e+000	7.39143742e+001	
4.16277518e+000	7.38306445e+001	
4.16777852e+000	7.37469148e+001	
4.17278185e+000	7.36701798e+001	
4.17778519e+000	7.36010658e+001	
4.18278853e+000	7.35319521e+001	
4.18779186e+000	7.34628387e+001	
4.19279520e+000	7.33937256e+001	
4.19779853e+000	7.33246129e+001	
4.20280187e+000	7.32555004e+001	
4.20780520e+000	7.31863883e+001	
4.21280854e+000	7.31172765e+001	
4.21781187e+000	7.30481650e+001	
4.22281521e+000	7.29790539e+001	
4.22781855e+000	7.29099430e+001	
4.23282188e+000	7.28408325e+001	
4.23782522e+000	7.27717223e+001	
4.24282855e+000	7.27026125e+001	
4.24783189e+000	7.26335029e+001	
4.25283522e+000	7.25643937e+001	
4.25783856e+000	7.24952849e+001	
4.26284189e+000	7.24261763e+001	
4.26784523e+000	7.23570681e+001	
4.27284857e+000	7.22879602e+001	
4.27785190e+000	7.22185709e+001	
4.28285524e+000	7.21491347e+001	
4.28785857e+000	7.20796996e+001	
4.29286191e+000	7.20102658e+001	
4.29786524e+000	7.19408332e+001	
4.30286858e+000	7.18714018e+001	
4.30787191e+000	7.18019717e+001	
4.31287525e+000	7.17325428e+001	
4.31787859e+000	7.16631151e+001	
4.32288192e+000	7.15936887e+001	
4.32788526e+000	7.15242636e+001	
4.33288859e+000	7.14548397e+001	
4.33789193e+000	7.13854171e+001	
4.34289526e+000	7.13159957e+001	
4.34789860e+000	7.12465756e+001	
4.35290193e+000	7.11771568e+001	
4.35790527e+000	7.11077393e+001	
4.36290861e+000	7.10383230e+001	
4.36791194e+000	7.09689080e+001	
4.37291528e+000	7.08994943e+001	
4.37791861e+000	7.08300819e+001	
4.38292195e+000	7.07606708e+001	
4.38792528e+000	7.06912609e+001	
4.39292862e+000	7.06218524e+001	
4.39793195e+000	7.05524452e+001	
4.40293529e+000	7.04830393e+001	
4.40793863e+000	7.04136347e+001	
4.41294196e+000	7.03442314e+001	
4.41794530e+000	7.02722949e+001	
4.42294863e+000	7.01970507e+001	
4.42795197e+000	7.01218065e+001	
4.43295530e+000	7.00465623e+001	
4.43795864e+000	6.99713182e+001	
4.44296197e+000	6.98960740e+001	
4.44796531e+000	6.98208298e+001	
4.45296865e+000	6.97455857e+001	
4.45797198e+000	6.96703415e+001	
4.46297532e+000	6.95950973e+001	
4.46797865e+000	6.95198532e+001	
4.47298199e+000	6.94446090e+001	
4.47798532e+000	6.93693648e+001	
4.48298866e+000	6.92941207e+001	
4.48799199e+000	6.92188765e+001	
4.49299533e+000	6.91436324e+001	
4.49799867e+000	6.90683882e+001	
4.50300200e+000	6.89931441e+001	
4.50800534e+000	6.89178999e+001	
4.51300867e+000	6.88426558e+001	
4.51801201e+000	6.87674116e+001	
4.52301534e+000	6.86921675e+001	
4.52801868e+000	6.86169233e+001	
4.53302201e+000	6.85416792e+001	
4.53802535e+000	6.84645958e+001	
4.54302869e+000	6.83838707e+001	
4.54803202e+000	6.83031456e+001	
4.55303536e+000	6.82224207e+001	
4.55803869e+000	6.81416959e+001	
4.56304203e+000	6.80609713e+001	
4.56804536e+000	6.79802468e+001	
4.57304870e+000	6.78995225e+001	
4.57805203e+000	6.78187982e+001	
4.58305537e+000	6.77380742e+001	
4.58805871e+000	6.76573502e+001	
4.59306204e+000	6.75766265e+001	
4.59806538e+000	6.74959028e+001	
4.60306871e+000	6.74151793e+001	
4.60807205e+000	6.73344559e+001	
4.61307538e+000	6.72537327e+001	
4.61807872e+000	6.71730096e+001	
4.62308205e+000	6.71105252e+001	
4.62808539e+000	6.70501917e+001	
4.63308873e+000	6.69898583e+001	
4.63809206e+000	6.69295252e+001	
4.64309540e+000	6.68691922e+001	
4.64809873e+000	6.68088595e+001	
4.65310207e+000	6.67485269e+001	
4.65810540e+000	6.66881944e+001	
4.66310874e+000	6.66278622e+001	
4.66811207e+000	6.65675302e+001	
4.67311541e+000	6.65071983e+001	
4.67811875e+000	6.64468666e+001	
4.68312208e+000	6.63865351e+001	
4.68812542e+000	6.63262038e+001	
4.69312875e+000	6.62658727e+001	
4.69813209e+000	6.62055418e+001	
4.70313542e+000	6.61452110e+001	
4.70813876e+000	6.60848805e+001	
4.71314209e+000	6.60245501e+001	
4.71814543e+000	6.59642199e+001	
4.72314877e+000	6.59038899e+001	
4.72815210e+000	6.58435601e+001	
4.73315544e+000	6.57832305e+001	
4.73815877e+000	6.57229011e+001	
4.74316211e+000	6.56625719e+001	
4.74816544e+000	6.56022428e+001	
4.75316878e+000	6.55419140e+001	
4.75817211e+000	6.54815853e+001	
4.76317545e+000	6.54212569e+001	
4.76817879e+000	6.53609286e+001	
4.77318212e+000	6.53006005e+001	
4.77818546e+000	6.52402727e+001	
4.78318879e+000	6.51799450e+001	
4.78819213e+000	6.51196175e+001	
4.79319546e+000	6.50592902e+001	
4.79819880e+000	6.49989631e+001	
4.80320213e+000	6.49386362e+001	
4.80820547e+000	6.48783096e+001	
4.81320881e+000	6.48179831e+001	
4.81821214e+000	6.47576568e+001	
4.82321548e+000	6.46973307e+001	
4.82821881e+000	6.46370048e+001	
4.83322215e+000	6.45766791e+001	
4.83822548e+000	6.45163536e+001	
4.84322882e+000	6.44560283e+001	
4.84823215e+000	6.43957033e+001	
4.85323549e+000	6.43353784e+001	
4.85823883e+000	6.42750537e+001	
4.86324216e+000	6.42147292e+001	
4.86824550e+000	6.41544050e+001	
4.87324883e+000	6.40940809e+001	
4.87825217e+000	6.40337571e+001	
4.88325550e+000	6.39734334e+001	
4.88825884e+000	6.39096997e+001	
4.89326217e+000	6.38413579e+001	
4.89826551e+000	6.37730173e+001	
4.90326885e+000	6.37046777e+001	
4.90827218e+000	6.36363393e+001	
4.91327552e+000	6.35764964e+001	
4.91827885e+000	6.35228811e+001	
4.92328219e+000	6.34692668e+001	
4.92828552e+000	6.34156536e+001	
4.93328886e+000	6.33606613e+001	
4.93829219e+000	6.32982953e+001	
4.94329553e+000	6.32359295e+001	
4.94829887e+000	6.31735638e+001	
4.95330220e+000	6.31111983e+001	
4.95830554e+000	6.30488329e+001	
4.96330887e+000	6.29864677e+001	
4.96831221e+000	6.29241026e+001	
4.97331554e+000	6.28617377e+001	
4.97831888e+000	6.27993730e+001	
4.98332221e+000	6.27370084e+001	
4.98832555e+000	6.26746440e+001	
4.99332889e+000	6.26122798e+001	
4.99833222e+000	6.25499157e+001	
5.00333556e+000	6.24875518e+001	
5.00833889e+000	6.24251880e+001	
5.01334223e+000	6.23628244e+001	
5.01834556e+000	6.23004610e+001	
5.02334890e+000	6.22380977e+001	
5.02835223e+000	6.21757346e+001	
5.03335557e+000	6.21133717e+001	
5.03835891e+000	6.20510089e+001	
5.04336224e+000	6.19886463e+001	
5.04836558e+000	6.19262839e+001	
5.05336891e+000	6.18639217e+001	
5.05837225e+000	6.18015596e+001	
5.06337558e+000	6.17391976e+001	
5.06837892e+000	6.16768359e+001	
5.07338225e+000	6.16144743e+001	
5.07838559e+000	6.15521129e+001	
5.08338893e+000	6.14897516e+001	
5.08839226e+000	6.14273906e+001	
5.09339560e+000	6.13650297e+001	
5.09839893e+000	6.13026689e+001	
5.10340227e+000	6.12403084e+001	
5.10840560e+000	6.11779480e+001	
5.11340894e+000	6.11155878e+001	
5.11841227e+000	6.10532278e+001	
5.12341561e+000	6.09908679e+001	
5.12841895e+000	6.09285082e+001	
5.13342228e+000	6.08661487e+001	
5.13842562e+000	6.08037894e+001	
5.14342895e+000	6.07414302e+001	
5.14843229e+000	6.06790713e+001	
5.15343562e+000	6.06167125e+001	
5.15843896e+000	6.05543539e+001	
5.16344229e+000	6.04919954e+001	
5.16844563e+000	6.04296372e+001	
5.17344897e+000	6.03672791e+001	
5.17845230e+000	6.03049212e+001	
5.18345564e+000	6.02425635e+001	
5.18845897e+000	6.01802060e+001	
5.19346231e+000	6.01238440e+001	
5.19846564e+000	6.00675607e+001	
5.20346898e+000	6.00112774e+001	
5.20847231e+000	5.99549942e+001	
5.21347565e+000	5.98987109e+001	
5.21847899e+000	5.98424276e+001	
5.22348232e+000	5.97861443e+001	
5.22848566e+000	5.97298611e+001	
5.23348899e+000	5.96768858e+001	
5.23849233e+000	5.96301307e+001	
5.24349566e+000	5.95833758e+001	
5.24849900e+000	5.95366211e+001	
5.25350233e+000	5.94898666e+001	
5.25850567e+000	5.94431123e+001	
5.26350901e+000	5.93963583e+001	
5.26851234e+000	5.93496045e+001	
5.27351568e+000	5.93028509e+001	
5.27851901e+000	5.92560976e+001	
5.28352235e+000	5.92093444e+001	
5.28852568e+000	5.91625915e+001	
5.29352902e+000	5.91158388e+001	
5.29853235e+000	5.90690864e+001	
5.30353569e+000	5.90223341e+001	
5.30853903e+000	5.89755821e+001	
5.31354236e+000	5.89288304e+001	
5.31854570e+000	5.88820788e+001	
5.32354903e+000	5.88353275e+001	
5.32855237e+000	5.87885764e+001	
5.33355570e+000	5.87418255e+001	
5.33855904e+000	5.86950749e+001	
5.34356237e+000	5.86483245e+001	
5.34856571e+000	5.86015744e+001	
5.35356905e+000	5.85548244e+001	
5.35857238e+000	5.85080747e+001	
5.36357572e+000	5.84613253e+001	
5.36857905e+000	5.84145760e+001	
5.37358239e+000	5.83678270e+001	
5.37858572e+000	5.83210783e+001	
5.38358906e+000	5.82743298e+001	
5.38859239e+000	5.82275815e+001	
5.39359573e+000	5.81808334e+001	
5.39859907e+000	5.81340856e+001	
5.40360240e+000	5.80873380e+001	
5.40860574e+000	5.80405907e+001	
5.41360907e+000	5.79938436e+001	
5.41861241e+000	5.79470967e+001	
5.42361574e+000	5.79003501e+001	
5.42861908e+000	5.78536038e+001	
5.43362241e+000	5.78068576e+001	
5.43862575e+000	5.77601117e+001	
5.44362909e+000	5.77133661e+001	
5.44863242e+000	5.76666207e+001	
5.45363576e+000	5.76198755e+001	
5.45863909e+000	5.75731306e+001	
5.46364243e+000	5.75263859e+001	
5.46864576e+000	5.74796415e+001	
5.47364910e+000	5.74328973e+001	
5.47865243e+000	5.73861534e+001	
5.48365577e+000	5.73394097e+001	
5.48865911e+000	5.72926663e+001	
5.49366244e+000	5.72459231e+001	
5.49866578e+000	5.71991801e+001	
5.50366911e+000	5.71524375e+001	
5.50867245e+000	5.71056950e+001	
5.51367578e+000	5.70589528e+001	
5.51867912e+000	5.70122109e+001	
5.52368245e+000	5.69654692e+001	
5.52868579e+000	5.69187278e+001	
5.53368913e+000	5.68719866e+001	
5.53869246e+000	5.68252457e+001	
5.54369580e+000	5.67785050e+001	
5.54869913e+000	5.67317646e+001	
5.55370247e+000	5.66850245e+001	
5.55870580e+000	5.66382846e+001	
5.56370914e+000	5.65914592e+001	
5.56871247e+000	5.65441789e+001	
5.57371581e+000	5.64968999e+001	
5.57871915e+000	5.64496221e+001	
5.58372248e+000	5.64023456e+001	
5.58872582e+000	5.63550704e+001	
5.59372915e+000	5.63077964e+001	
5.59873249e+000	5.62605237e+001	
5.60373582e+000	5.62132522e+001	
5.60873916e+000	5.61659820e+001	
5.61374249e+000	5.61187131e+001	
5.61874583e+000	5.60702848e+001	
5.62374917e+000	5.60217122e+001	
5.62875250e+000	5.59731397e+001	
5.63375584e+000	5.59245672e+001	
5.63875917e+000	5.58759947e+001	
5.64376251e+000	5.58274223e+001	
5.64876584e+000	5.57788500e+001	
5.65376918e+000	5.57302778e+001	
5.65877252e+000	5.56817056e+001	
5.66377585e+000	5.56331335e+001	
5.66877919e+000	5.55845614e+001	
5.67378252e+000	5.55359894e+001	
5.67878586e+000	5.54874175e+001	
5.68378919e+000	5.54388456e+001	
5.68879253e+000	5.53902738e+001	
5.69379586e+000	5.53417020e+001	
5.69879920e+000	5.52931304e+001	
5.70380254e+000	5.52445587e+001	
5.70880587e+000	5.51959872e+001	
5.71380921e+000	5.51474157e+001	
5.71881254e+000	5.50988443e+001	
5.72381588e+000	5.50502729e+001	
5.72881921e+000	5.50017016e+001	
5.73382255e+000	5.49531304e+001	
5.73882588e+000	5.49045592e+001	
5.74382922e+000	5.48559881e+001	
5.74883256e+000	5.48074171e+001	
5.75383589e+000	5.47588461e+001	
5.75883923e+000	5.47102752e+001	
5.76384256e+000	5.46617044e+001	
5.76884590e+000	5.46131336e+001	
5.77384923e+000	5.45645629e+001	
5.77885257e+000	5.45159923e+001	
5.78385590e+000	5.44674217e+001	
5.78885924e+000	5.44188512e+001	
5.79386258e+000	5.43702807e+001	
5.79886591e+000	5.43217104e+001	
5.80386925e+000	5.42731401e+001	
5.80887258e+000	5.42245698e+001	
5.81387592e+000	5.41759997e+001	
5.81887925e+000	5.41274296e+001	
5.82388259e+000	5.40788595e+001	
5.82888592e+000	5.40291600e+001	
5.83388926e+000	5.39748718e+001	
5.83889260e+000	5.39174677e+001	
5.84389593e+000	5.38600637e+001	
5.84889927e+000	5.38026597e+001	
5.85390260e+000	5.37452558e+001	
5.85890594e+000	5.36878519e+001	
5.86390927e+000	5.36304480e+001	
5.86891261e+000	5.35730442e+001	
5.87391594e+000	5.35156404e+001	
5.87891928e+000	5.34582366e+001	
5.88392262e+000	5.34008329e+001	
5.88892595e+000	5.33434292e+001	
5.89392929e+000	5.32860256e+001	
5.89893262e+000	5.32286220e+001	
5.90393596e+000	5.31712185e+001	
5.90893929e+000	5.31138150e+001	
5.91394263e+000	5.30564115e+001	
5.91894596e+000	5.29990081e+001	
5.92394930e+000	5.29416047e+001	
5.92895264e+000	5.28842013e+001	
5.93395597e+000	5.28267980e+001	
5.93895931e+000	5.27693948e+001	
5.94396264e+000	5.27119915e+001	
5.94896598e+000	5.26545883e+001	
5.95396931e+000	5.25971852e+001	
5.95897265e+000	5.25397821e+001	
5.96397598e+000	5.24823790e+001	
5.96897932e+000	5.24249760e+001	
5.97398266e+000	5.23736837e+001	
5.97898599e+000	5.23376129e+001	
5.98398933e+000	5.23015421e+001	
5.98899266e+000	5.22654712e+001	
5.99399600e+000	5.22294004e+001	
5.99899933e+000	5.21933296e+001	
6.00400267e+000	5.21572589e+001	
6.00900600e+000	5.21211881e+001	
6.01400934e+000	5.20851173e+001	
6.01901268e+000	5.20490466e+001	
6.02401601e+000	5.20129759e+001	
6.02901935e+000	5.19769051e+001	
6.03402268e+000	5.19408344e+001	
6.03902602e+000	5.19047637e+001	
6.04402935e+000	5.18686931e+001	
6.04903269e+000	5.18326224e+001	
6.05403602e+000	5.17965517e+001	
6.05903936e+000	5.17604811e+001	
6.06404270e+000	5.17244105e+001	
6.06904603e+000	5.16883399e+001	
6.07404937e+000	5.16522693e+001	
6.07905270e+000	5.16161987e+001	
6.08405604e+000	5.15801281e+001	
6.08905937e+000	5.15440575e+001	
6.09406271e+000	5.15079870e+001	
6.09906604e+000	5.14719165e+001	
6.10406938e+000	5.14358459e+001	
6.10907272e+000	5.13997754e+001	
6.11407605e+000	5.13637049e+001	
6.11907939e+000	5.13276345e+001	
6.12408272e+000	5.12915640e+001	
6.12908606e+000	5.12554935e+001	
6.13408939e+000	5.12194231e+001	
6.13909273e+000	5.11833527e+001	
6.14409606e+000	5.11472823e+001	
6.14909940e+000	5.11112119e+001	
6.15410274e+000	5.10751415e+001	
6.15910607e+000	5.10390711e+001	
6.16410941e+000	5.10030008e+001	
6.16911274e+000	5.09669304e+001	
6.17411608e+000	5.09308601e+001	
6.17911941e+000	5.08947898e+001	
6.18412275e+000	5.08587195e+001	
6.18912608e+000	5.08226492e+001	
6.19412942e+000	5.07865789e+001	
6.19913276e+000	5.07505087e+001	
6.20413609e+000	5.07144384e+001	
6.20913943e+000	5.06783682e+001	
6.21414276e+000	5.06422980e+001	
6.21914610e+000	5.06062278e+001	
6.22414943e+000	5.05700837e+001	
6.22915277e+000	5.05318165e+001	
6.23415610e+000	5.04931822e+001	
6.23915944e+000	5.04545591e+001	
6.24416278e+000	5.04160453e+001	
6.24916611e+000	5.03775316e+001	
6.25416945e+000	5.03390179e+001	
6.25917278e+000	5.03005042e+001	
6.26417612e+000	5.02619905e+001	
6.26917945e+000	5.02234768e+001	
6.27418279e+000	5.01849631e+001	
6.27918612e+000	5.01464494e+001	
6.28418946e+000	5.01079357e+001	
6.28919280e+000	5.00694221e+001	
6.29419613e+000	5.00309084e+001	
6.29919947e+000	4.99923948e+001	
6.30420280e+000	4.99538811e+001	
6.30920614e+000	4.99153675e+001	
6.31420947e+000	4.98768539e+001	
6.31921281e+000	4.98383402e+001	
6.32421614e+000	4.97998266e+001	
6.32921948e+000	4.97613130e+001	
6.33422282e+000	4.97227994e+001	
6.33922615e+000	4.96842858e+001	
6.34422949e+000	4.96457722e+001	
6.34923282e+000	4.96072587e+001	
6.35423616e+000	4.95687451e+001	
6.35923949e+000	4.95302315e+001	
6.36424283e+000	4.94917180e+001	
6.36924616e+000	4.94532044e+001	
6.37424950e+000	4.94146909e+001	
6.37925284e+000	4.93761774e+001	
6.38425617e+000	4.93376638e+001	
6.38925951e+000	4.92991503e+001	
6.39426284e+000	4.92606368e+001	
6.39926618e+000	4.92221233e+001	
6.40426951e+000	4.91836098e+001	
6.40927285e+000	4.91450963e+001	
6.41427618e+000	4.91065829e+001	
6.41927952e+000	4.90680694e+001	
6.42428286e+000	4.90295559e+001	
6.42928619e+000	4.89910425e+001	
6.43428953e+000	4.89525290e+001	
6.43929286e+000	4.89140156e+001	
6.44429620e+000	4.88755022e+001	
6.44929953e+000	4.88369887e+001	
6.45430287e+000	4.87984753e+001	
6.45930620e+000	4.87599619e+001	
6.46430954e+000	4.87214485e+001	
6.46931288e+000	4.86829351e+001	
6.47431621e+000	4.86444040e+001	
6.47931955e+000	4.86057237e+001	
6.48432288e+000	4.85670435e+001	
6.48932622e+000	4.85283635e+001	
6.49432955e+000	4.84896835e+001	
6.49933289e+000	4.84510036e+001	
6.50433622e+000	4.84138941e+001	
6.50933956e+000	4.83789093e+001	
6.51434290e+000	4.83439245e+001	
6.51934623e+000	4.83089399e+001	
6.52434957e+000	4.82739553e+001	
6.52935290e+000	4.82389709e+001	
6.53435624e+000	4.82039865e+001	
6.53935957e+000	4.81690023e+001	
6.54436291e+000	4.81340181e+001	
6.54936624e+000	4.80990341e+001	
6.55436958e+000	4.80640502e+001	
6.55937292e+000	4.80290663e+001	
6.56437625e+000	4.79940826e+001	
6.56937959e+000	4.79590989e+001	
6.57438292e+000	4.79241154e+001	
6.57938626e+000	4.78891320e+001	
6.58438959e+000	4.78541487e+001	
6.58939293e+000	4.78191654e+001	
6.59439626e+000	4.77841823e+001	
6.59939960e+000	4.77491993e+001	
6.60440294e+000	4.77142164e+001	
6.60940627e+000	4.76792336e+001	
6.61440961e+000	4.76442509e+001	
6.61941294e+000	4.76092683e+001	
6.62441628e+000	4.75742858e+001	
6.62941961e+000	4.75393034e+001	
6.63442295e+000	4.75043211e+001	
6.63942628e+000	4.74693389e+001	
6.64442962e+000	4.74343568e+001	
6.64943296e+000	4.73993748e+001	
6.65443629e+000	4.73643930e+001	
6.65943963e+000	4.73294112e+001	
6.66444296e+000	4.72944296e+001	
6.66944630e+000	4.72594480e+001	
6.67444963e+000	4.72244666e+001	
6.67945297e+000	4.71894852e+001	
6.68445630e+000	4.71545040e+001	
6.68945964e+000	4.71195229e+001	
6.69446298e+000	4.70845419e+001	
6.69946631e+000	4.70495610e+001	
6.70446965e+000	4.70145802e+001	
6.70947298e+000	4.69795995e+001	
6.71447632e+000	4.69446189e+001	
6.71947965e+000	4.69096385e+001	
6.72448299e+000	4.68746581e+001	
6.72948632e+000	4.68396778e+001	
6.73448966e+000	4.68058367e+001	
6.73949300e+000	4.67722769e+001	
6.74449633e+000	4.67387182e+001	
6.74949967e+000	4.67051607e+001	
6.75450300e+000	4.66716042e+001	
6.75950634e+000	4.66380489e+001	
6.76450967e+000	4.66044946e+001	
6.76951301e+000	4.65709415e+001	
6.77451634e+000	4.65373894e+001	
6.77951968e+000	4.65038385e+001	
6.78452302e+000	4.64702887e+001	
6.78952635e+000	4.64367400e+001	
6.79452969e+000	4.64031925e+001	
6.79953302e+000	4.63696460e+001	
6.80453636e+000	4.63361007e+001	
6.80953969e+000	4.63025565e+001	
6.81454303e+000	4.62690135e+001	
6.81954636e+000	4.62354715e+001	
6.82454970e+000	4.62019307e+001	
6.82955304e+000	4.61683911e+001	
6.83455637e+000	4.61348526e+001	
6.83955971e+000	4.61013152e+001	
6.84456304e+000	4.60684889e+001	
6.84956638e+000	4.60362928e+001	
6.85456971e+000	4.60040967e+001	
6.85957305e+000	4.59719006e+001	
6.86457638e+000	4.59397045e+001	
6.86957972e+000	4.59075084e+001	
6.87458306e+000	4.58753123e+001	
6.87958639e+000	4.58431162e+001	
6.88458973e+000	4.58109202e+001	
6.88959306e+000	4.57787241e+001	
6.89459640e+000	4.57465280e+001	
6.89959973e+000	4.57143319e+001	
6.90460307e+000	4.56821358e+001	
6.90960640e+000	4.56499398e+001	
6.91460974e+000	4.56177437e+001	
6.91961308e+000	4.55855476e+001	
6.92461641e+000	4.55533516e+001	
6.92961975e+000	4.55211555e+001	
6.93462308e+000	4.54889594e+001	
6.93962642e+000	4.54567634e+001	
6.94462975e+000	4.54245673e+001	
6.94963309e+000	4.53923713e+001	
6.95463642e+000	4.53601752e+001	
6.95963976e+000	4.53279792e+001	
6.96464310e+000	4.52957831e+001	
6.96964643e+000	4.52635871e+001	
6.97464977e+000	4.52301359e+001	
6.97965310e+000	4.51966809e+001	
6.98465644e+000	4.51632260e+001	
6.98965977e+000	4.51297711e+001	
6.99466311e+000	4.50963161e+001	
6.99966644e+000	4.50628612e+001	
7.00466978e+000	4.50294062e+001	
7.00967312e+000	4.49959513e+001	
7.01467645e+000	4.49624963e+001	
7.01967979e+000	4.49290414e+001	
7.02468312e+000	4.48955864e+001	
7.02968646e+000	4.48621315e+001	
7.03468979e+000	4.48286765e+001	
7.03969313e+000	4.47952216e+001	
7.04469646e+000	4.47617666e+001	
7.04969980e+000	4.47283117e+001	
7.05470314e+000	4.46948568e+001	
7.05970647e+000	4.46614018e+001	
7.06470981e+000	4.46279469e+001	
7.06971314e+000	4.45944919e+001	
7.07471648e+000	4.45610370e+001	
7.07971981e+000	4.45275820e+001	
7.08472315e+000	4.44941271e+001	
7.08972648e+000	4.44606721e+001	
7.09472982e+000	4.44272172e+001	
7.09973316e+000	4.43937623e+001	
7.10473649e+000	4.43603073e+001	
7.10973983e+000	4.43268524e+001	
7.11474316e+000	4.42929036e+001	
7.11974650e+000	4.42585457e+001	
7.12474983e+000	4.42241879e+001	
7.12975317e+000	4.41898301e+001	
7.13475650e+000	4.41554724e+001	
7.13975984e+000	4.41238055e+001	
7.14476318e+000	4.40993201e+001	
7.14976651e+000	4.40748347e+001	
7.15476985e+000	4.40503493e+001	
7.15977318e+000	4.40258640e+001	
7.16477652e+000	4.40013787e+001	
7.16977985e+000	4.39768934e+001	
7.17478319e+000	4.39524081e+001	
7.17978652e+000	4.39279229e+001	
7.18478986e+000	4.39034377e+001	
7.18979320e+000	4.38789526e+001	
7.19479653e+000	4.38544674e+001	
7.19979987e+000	4.38299823e+001	
7.20480320e+000	4.38054973e+001	
7.20980654e+000	4.37810122e+001	
7.21480987e+000	4.37565272e+001	
7.21981321e+000	4.37320422e+001	
7.22481654e+000	4.37075573e+001	
7.22981988e+000	4.36830723e+001	
7.23482322e+000	4.36585874e+001	
7.23982655e+000	4.36341026e+001	
7.24482989e+000	4.36096177e+001	
7.24983322e+000	4.35851329e+001	
7.25483656e+000	4.35606481e+001	
7.25983989e+000	4.35361634e+001	
7.26484323e+000	4.35116787e+001	
7.26984656e+000	4.34871940e+001	
7.27484990e+000	4.34627093e+001	
7.27985324e+000	4.34382247e+001	
7.28485657e+000	4.34137401e+001	
7.28985991e+000	4.33892556e+001	
7.29486324e+000	4.33647710e+001	
7.29986658e+000	4.33402865e+001	
7.30486991e+000	4.33158020e+001	
7.30987325e+000	4.32913176e+001	
7.31487658e+000	4.32668332e+001	
7.31987992e+000	4.32423488e+001	
7.32488326e+000	4.32178645e+001	
7.32988659e+000	4.31933801e+001	
7.33488993e+000	4.31688958e+001	
7.33989326e+000	4.31444116e+001	
7.34489660e+000	4.31199274e+001	
7.34989993e+000	4.30954432e+001	
7.35490327e+000	4.30709590e+001	
7.35990660e+000	4.30464749e+001	
7.36490994e+000	4.30219908e+001	
7.36991328e+000	4.29975067e+001	
7.37491661e+000	4.29730226e+001	
7.37991995e+000	4.29485386e+001	
7.38492328e+000	4.29240547e+001	
7.38992662e+000	4.28995707e+001	
7.39492995e+000	4.28750868e+001	
7.39993329e+000	4.28506029e+001	
7.40493662e+000	4.28261191e+001	
7.40993996e+000	4.28016352e+001	
7.41494330e+000	4.27771514e+001	
7.41994663e+000	4.27526677e+001	
7.42494997e+000	4.27281840e+001	
7.42995330e+000	4.27037003e+001	
7.43495664e+000	4.26792166e+001	
7.43995997e+000	4.26547330e+001	
7.44496331e+000	4.26302494e+001	
7.44996664e+000	4.26057658e+001	
7.45496998e+000	4.25812823e+001	
7.45997332e+000	4.25567988e+001	
7.46497665e+000	4.25323153e+001	
7.46997999e+000	4.25078319e+001	
7.47498332e+000	4.24833485e+001	
7.47998666e+000	4.24588651e+001	
7.48498999e+000	4.24343818e+001	
7.48999333e+000	4.24098984e+001	
7.49499666e+000	4.23854152e+001	
7.50000000e+000	4.23609319e+001	
